createNode animCurveTL -n "EyeContact_translateX";
	setAttr ".tan" 18;
	setAttr ".wgt" no;
	setAttr -s 133 ".ktv[0:132]"  0 0 1 0 2 0 3 0 4 0 5 0 6 0 7 0 8 0 9 0 10 0 11 0 12 0 13 0 14 0 15 0 16 0 17 0 18 0 19 0 20 0 21 0 22 0 23 0 24 0 25 0 26 0 27 0 28 0 29 0 30 0 31 0 32 0 33 0 34 0 35 0 36 0 37 0 38 0 39 0 40 0 41 0 42 0 43 0 44 0 45 0 46 0 47 0 48 0 49 0 50 0 51 0 52 0 53 0 54 0 55 0 56 0 57 0 58 0 59 0 60 0 61 0 62 0 63 0 64 0 65 0 66 0 67 0 68 0 69 0 70 0 71 0 72 0 73 0 74 0 75 0 76 0 77 0 78 0 79 0 80 0 81 0 82 0 83 0 84 0 85 0 86 0 87 0 88 0 89 0 90 0 91 0 92 0 93 0 94 0 95 0 96 0 97 0 98 0 99 0 100 0 101 0 102 0 103 0 104 0 105 0 106 0 107 0 108 0 109 0 110 0 111 0 112 0 113 0 114 0 115 0 116 0 117 0 118 0 119 0 120 0 121 0 122 0 123 0 124 0 125 0 126 0 127 0 128 0 129 0 130 0 131 0 132 0;
connectAttr "EyeContact_translateX.o" "EyeContact.tx";
createNode animCurveTA -n "EyeContact_rotateX";
	setAttr ".tan" 18;
	setAttr ".wgt" no;
	setAttr -s 133 ".ktv[0:132]"  0 0 1 0 2 0 3 0 4 0 5 0 6 0 7 0 8 0 9 0 10 0 11 0 12 0 13 0 14 0 15 0 16 0 17 0 18 0 19 0 20 0 21 0 22 0 23 0 24 0 25 0 26 0 27 0 28 0 29 0 30 0 31 0 32 0 33 0 34 0 35 0 36 0 37 0 38 0 39 0 40 0 41 0 42 0 43 0 44 0 45 0 46 0 47 0 48 0 49 0 50 0 51 0 52 0 53 0 54 0 55 0 56 0 57 0 58 0 59 0 60 0 61 0 62 0 63 0 64 0 65 0 66 0 67 0 68 0 69 0 70 0 71 0 72 0 73 0 74 0 75 0 76 0 77 0 78 0 79 0 80 0 81 0 82 0 83 0 84 0 85 0 86 0 87 0 88 0 89 0 90 0 91 0 92 0 93 0 94 0 95 0 96 0 97 0 98 0 99 0 100 0 101 0 102 0 103 0 104 0 105 0 106 0 107 0 108 0 109 0 110 0 111 0 112 0 113 0 114 0 115 0 116 0 117 0 118 0 119 0 120 0 121 0 122 0 123 0 124 0 125 0 126 0 127 0 128 0 129 0 130 0 131 0 132 0;
connectAttr "EyeContact_rotateX.o" "EyeContact.rx";
createNode animCurveTU -n "EyeContact_scaleX";
	setAttr ".tan" 18;
	setAttr ".wgt" no;
	setAttr -s 133 ".ktv[0:132]"  0 50 1 50 2 50 3 50 4 50 5 50 6 50 7 50 8 50 9 50 10 50 11 50 12 50 13 50 14 50 15 50 16 50 17 50 18 50 19 50 20 50 21 50 22 50 23 50 24 50 25 50 26 50 27 50 28 50 29 50 30 50 31 50 32 50 33 50 34 50 35 50 36 50 37 50 38 50 39 50 40 50 41 50 42 50 43 50 44 50 45 50 46 50 47 50 48 50 49 50 50 50 51 50 52 50 53 50 54 50 55 50 56 50 57 50 58 50 59 50 60 50 61 50 62 50 63 50 64 50 65 50 66 50 67 50 68 50 69 50 70 50 71 50 72 50 73 50 74 50 75 50 76 50 77 50 78 50 79 50 80 50 81 50 82 50 83 50 84 50 85 50 86 50 87 50 88 50 89 50 90 50 91 50 92 50 93 50 94 50 95 50 96 50 97 50 98 50 99 50 100 50 101 50 102 50 103 50 104 50 105 50 106 50 107 50 108 50 109 50 110 50 111 50 112 50 113 50 114 50 115 50 116 50 117 50 118 50 119 50 120 50 121 50 122 50 123 50 124 50 125 50 126 50 127 50 128 50 129 50 130 50 131 50 132 50;
connectAttr "EyeContact_scaleX.o" "EyeContact.sx";
createNode animCurveTL -n "EyeContact_translateY";
	setAttr ".tan" 18;
	setAttr ".wgt" no;
	setAttr -s 133 ".ktv[0:132]"  0 0.35 1 0.35 2 0.35 3 0.35 4 0.35 5 0.35 6 0.35 7 0.35 8 0.35 9 0.35 10 0.35 11 0.35 12 0.35 13 0.35 14 0.35 15 0.35 16 0.35 17 0.35 18 0.35 19 0.35 20 0.35 21 0.35 22 0.35 23 0.35 24 0.35 25 0.35 26 0.35 27 0.35 28 0.35 29 0.35 30 0.35 31 0.35 32 0.35 33 0.35 34 0.35 35 0.35 36 0.35 37 0.35 38 0.35 39 0.35 40 0.35 41 0.35 42 0.35 43 0.35 44 0.35 45 0.35 46 0.35 47 0.35 48 0.35 49 0.35 50 0.35 51 0.35 52 0.35 53 0.35 54 0.35 55 0.35 56 0.35 57 0.35 58 0.35 59 0.35 60 0.35 61 0.35 62 0.35 63 0.35 64 0.35 65 0.35 66 0.35 67 0.35 68 0.35 69 0.35 70 0.35 71 0.35 72 0.35 73 0.35 74 0.35 75 0.35 76 0.35 77 0.35 78 0.35 79 0.35 80 0.35 81 0.35 82 0.35 83 0.35 84 0.35 85 0.35 86 0.35 87 0.35 88 0.35 89 0.35 90 0.35 91 0.35 92 0.35 93 0.35 94 0.35 95 0.35 96 0.35 97 0.35 98 0.35 99 0.35 100 0.35 101 0.35 102 0.35 103 0.35 104 0.35 105 0.35 106 0.35 107 0.35 108 0.35 109 0.35 110 0.35 111 0.35 112 0.35 113 0.35 114 0.35 115 0.35 116 0.35 117 0.35 118 0.35 119 0.35 120 0.35 121 0.35 122 0.35 123 0.35 124 0.35 125 0.35 126 0.35 127 0.35 128 0.35 129 0.35 130 0.35 131 0.35 132 0.35;
connectAttr "EyeContact_translateY.o" "EyeContact.ty";
createNode animCurveTA -n "EyeContact_rotateY";
	setAttr ".tan" 18;
	setAttr ".wgt" no;
	setAttr -s 133 ".ktv[0:132]"  0 0 1 0 2 0 3 0 4 0 5 0 6 0 7 0 8 0 9 0 10 0 11 0 12 0 13 0 14 0 15 0 16 0 17 0 18 0 19 0 20 0 21 0 22 0 23 0 24 0 25 0 26 0 27 0 28 0 29 0 30 0 31 0 32 0 33 0 34 0 35 0 36 0 37 0 38 0 39 0 40 0 41 0 42 0 43 0 44 0 45 0 46 0 47 0 48 0 49 0 50 0 51 0 52 0 53 0 54 0 55 0 56 0 57 0 58 0 59 0 60 0 61 0 62 0 63 0 64 0 65 0 66 0 67 0 68 0 69 0 70 0 71 0 72 0 73 0 74 0 75 0 76 0 77 0 78 0 79 0 80 0 81 0 82 0 83 0 84 0 85 0 86 0 87 0 88 0 89 0 90 0 91 0 92 0 93 0 94 0 95 0 96 0 97 0 98 0 99 0 100 0 101 0 102 0 103 0 104 0 105 0 106 0 107 0 108 0 109 0 110 0 111 0 112 0 113 0 114 0 115 0 116 0 117 0 118 0 119 0 120 0 121 0 122 0 123 0 124 0 125 0 126 0 127 0 128 0 129 0 130 0 131 0 132 0;
connectAttr "EyeContact_rotateY.o" "EyeContact.ry";
createNode animCurveTU -n "EyeContact_scaleY";
	setAttr ".tan" 18;
	setAttr ".wgt" no;
	setAttr -s 133 ".ktv[0:132]"  0 50 1 50 2 50 3 50 4 50 5 50 6 50 7 50 8 50 9 50 10 50 11 50 12 50 13 50 14 50 15 50 16 50 17 50 18 50 19 50 20 50 21 50 22 50 23 50 24 50 25 50 26 50 27 50 28 50 29 50 30 50 31 50 32 50 33 50 34 50 35 50 36 50 37 50 38 50 39 50 40 50 41 50 42 50 43 50 44 50 45 50 46 50 47 50 48 50 49 50 50 50 51 50 52 50 53 50 54 50 55 50 56 50 57 50 58 50 59 50 60 50 61 50 62 50 63 50 64 50 65 50 66 50 67 50 68 50 69 50 70 50 71 50 72 50 73 50 74 50 75 50 76 50 77 50 78 50 79 50 80 50 81 50 82 50 83 50 84 50 85 50 86 50 87 50 88 50 89 50 90 50 91 50 92 50 93 50 94 50 95 50 96 50 97 50 98 50 99 50 100 50 101 50 102 50 103 50 104 50 105 50 106 50 107 50 108 50 109 50 110 50 111 50 112 50 113 50 114 50 115 50 116 50 117 50 118 50 119 50 120 50 121 50 122 50 123 50 124 50 125 50 126 50 127 50 128 50 129 50 130 50 131 50 132 50;
connectAttr "EyeContact_scaleY.o" "EyeContact.sy";
createNode animCurveTL -n "EyeContact_translateZ";
	setAttr ".tan" 18;
	setAttr ".wgt" no;
	setAttr -s 133 ".ktv[0:132]"  0 0 1 0 2 0 3 0 4 0 5 0 6 0 7 0 8 0 9 0 10 0 11 0 12 0 13 0 14 0 15 0 16 0 17 0 18 0 19 0 20 0 21 0 22 0 23 0 24 0 25 0 26 0 27 0 28 0 29 0 30 0 31 0 32 0 33 0 34 0 35 0 36 0 37 0 38 0 39 0 40 0 41 0 42 0 43 0 44 0 45 0 46 0 47 0 48 0 49 0 50 0 51 0 52 0 53 0 54 0 55 0 56 0 57 0 58 0 59 0 60 0 61 0 62 0 63 0 64 0 65 0 66 0 67 0 68 0 69 0 70 0 71 0 72 0 73 0 74 0 75 0 76 0 77 0 78 0 79 0 80 0 81 0 82 0 83 0 84 0 85 0 86 0 87 0 88 0 89 0 90 0 91 0 92 0 93 0 94 0 95 0 96 0 97 0 98 0 99 0 100 0 101 0 102 0 103 0 104 0 105 0 106 0 107 0 108 0 109 0 110 0 111 0 112 0 113 0 114 0 115 0 116 0 117 0 118 0 119 0 120 0 121 0 122 0 123 0 124 0 125 0 126 0 127 0 128 0 129 0 130 0 131 0 132 0;
connectAttr "EyeContact_translateZ.o" "EyeContact.tz";
createNode animCurveTA -n "EyeContact_rotateZ";
	setAttr ".tan" 18;
	setAttr ".wgt" no;
	setAttr -s 133 ".ktv[0:132]"  0 0 1 0 2 0 3 0 4 0 5 0 6 0 7 0 8 0 9 0 10 0 11 0 12 0 13 0 14 0 15 0 16 0 17 0 18 0 19 0 20 0 21 0 22 0 23 0 24 0 25 0 26 0 27 0 28 0 29 0 30 0 31 0 32 0 33 0 34 0 35 0 36 0 37 0 38 0 39 0 40 0 41 0 42 0 43 0 44 0 45 0 46 0 47 0 48 0 49 0 50 0 51 0 52 0 53 0 54 0 55 0 56 0 57 0 58 0 59 0 60 0 61 0 62 0 63 0 64 0 65 0 66 0 67 0 68 0 69 0 70 0 71 0 72 0 73 0 74 0 75 0 76 0 77 0 78 0 79 0 80 0 81 0 82 0 83 0 84 0 85 0 86 0 87 0 88 0 89 0 90 0 91 0 92 0 93 0 94 0 95 0 96 0 97 0 98 0 99 0 100 0 101 0 102 0 103 0 104 0 105 0 106 0 107 0 108 0 109 0 110 0 111 0 112 0 113 0 114 0 115 0 116 0 117 0 118 0 119 0 120 0 121 0 122 0 123 0 124 0 125 0 126 0 127 0 128 0 129 0 130 0 131 0 132 0;
connectAttr "EyeContact_rotateZ.o" "EyeContact.rz";
createNode animCurveTU -n "EyeContact_scaleZ";
	setAttr ".tan" 18;
	setAttr ".wgt" no;
	setAttr -s 133 ".ktv[0:132]"  0 50 1 50 2 50 3 50 4 50 5 50 6 50 7 50 8 50 9 50 10 50 11 50 12 50 13 50 14 50 15 50 16 50 17 50 18 50 19 50 20 50 21 50 22 50 23 50 24 50 25 50 26 50 27 50 28 50 29 50 30 50 31 50 32 50 33 50 34 50 35 50 36 50 37 50 38 50 39 50 40 50 41 50 42 50 43 50 44 50 45 50 46 50 47 50 48 50 49 50 50 50 51 50 52 50 53 50 54 50 55 50 56 50 57 50 58 50 59 50 60 50 61 50 62 50 63 50 64 50 65 50 66 50 67 50 68 50 69 50 70 50 71 50 72 50 73 50 74 50 75 50 76 50 77 50 78 50 79 50 80 50 81 50 82 50 83 50 84 50 85 50 86 50 87 50 88 50 89 50 90 50 91 50 92 50 93 50 94 50 95 50 96 50 97 50 98 50 99 50 100 50 101 50 102 50 103 50 104 50 105 50 106 50 107 50 108 50 109 50 110 50 111 50 112 50 113 50 114 50 115 50 116 50 117 50 118 50 119 50 120 50 121 50 122 50 123 50 124 50 125 50 126 50 127 50 128 50 129 50 130 50 131 50 132 50;
connectAttr "EyeContact_scaleZ.o" "EyeContact.sz";
createNode animCurveTL -n "EyeContact_translateX";
	setAttr ".tan" 18;
	setAttr ".wgt" no;
	setAttr -s 133 ".ktv[0:132]"  0 0 1 0 2 0 3 0 4 0 5 0 6 0 7 0 8 0 9 0 10 0 11 0 12 0 13 0 14 0 15 0 16 0 17 0 18 0 19 0 20 0 21 0 22 0 23 0 24 0 25 0 26 0 27 0 28 0 29 0 30 0 31 0 32 0 33 0 34 0 35 0 36 0 37 0 38 0 39 0 40 0 41 0 42 0 43 0 44 0 45 0 46 0 47 0 48 0 49 0 50 0 51 0 52 0 53 0 54 0 55 0 56 0 57 0 58 0 59 0 60 0 61 0 62 0 63 0 64 0 65 0 66 0 67 0 68 0 69 0 70 0 71 0 72 0 73 0 74 0 75 0 76 0 77 0 78 0 79 0 80 0 81 0 82 0 83 0 84 0 85 0 86 0 87 0 88 0 89 0 90 0 91 0 92 0 93 0 94 0 95 0 96 0 97 0 98 0 99 0 100 0 101 0 102 0 103 0 104 0 105 0 106 0 107 0 108 0 109 0 110 0 111 0 112 0 113 0 114 0 115 0 116 0 117 0 118 0 119 0 120 0 121 0 122 0 123 0 124 0 125 0 126 0 127 0 128 0 129 0 130 0 131 0 132 0;
connectAttr "EyeContact_translateX.o" "EyeContact.tx";
createNode animCurveTA -n "EyeContact_rotateX";
	setAttr ".tan" 18;
	setAttr ".wgt" no;
	setAttr -s 133 ".ktv[0:132]"  0 0 1 0 2 0 3 0 4 0 5 0 6 0 7 0 8 0 9 0 10 0 11 0 12 0 13 0 14 0 15 0 16 0 17 0 18 0 19 0 20 0 21 0 22 0 23 0 24 0 25 0 26 0 27 0 28 0 29 0 30 0 31 0 32 0 33 0 34 0 35 0 36 0 37 0 38 0 39 0 40 0 41 0 42 0 43 0 44 0 45 0 46 0 47 0 48 0 49 0 50 0 51 0 52 0 53 0 54 0 55 0 56 0 57 0 58 0 59 0 60 0 61 0 62 0 63 0 64 0 65 0 66 0 67 0 68 0 69 0 70 0 71 0 72 0 73 0 74 0 75 0 76 0 77 0 78 0 79 0 80 0 81 0 82 0 83 0 84 0 85 0 86 0 87 0 88 0 89 0 90 0 91 0 92 0 93 0 94 0 95 0 96 0 97 0 98 0 99 0 100 0 101 0 102 0 103 0 104 0 105 0 106 0 107 0 108 0 109 0 110 0 111 0 112 0 113 0 114 0 115 0 116 0 117 0 118 0 119 0 120 0 121 0 122 0 123 0 124 0 125 0 126 0 127 0 128 0 129 0 130 0 131 0 132 0;
connectAttr "EyeContact_rotateX.o" "EyeContact.rx";
createNode animCurveTU -n "EyeContact_scaleX";
	setAttr ".tan" 18;
	setAttr ".wgt" no;
	setAttr -s 133 ".ktv[0:132]"  0 50 1 50 2 50 3 50 4 50 5 50 6 50 7 50 8 50 9 50 10 50 11 50 12 50 13 50 14 50 15 50 16 50 17 50 18 50 19 50 20 50 21 50 22 50 23 50 24 50 25 50 26 50 27 50 28 50 29 50 30 50 31 50 32 50 33 50 34 50 35 50 36 50 37 50 38 50 39 50 40 50 41 50 42 50 43 50 44 50 45 50 46 50 47 50 48 50 49 50 50 50 51 50 52 50 53 50 54 50 55 50 56 50 57 50 58 50 59 50 60 50 61 50 62 50 63 50 64 50 65 50 66 50 67 50 68 50 69 50 70 50 71 50 72 50 73 50 74 50 75 50 76 50 77 50 78 50 79 50 80 50 81 50 82 50 83 50 84 50 85 50 86 50 87 50 88 50 89 50 90 50 91 50 92 50 93 50 94 50 95 50 96 50 97 50 98 50 99 50 100 50 101 50 102 50 103 50 104 50 105 50 106 50 107 50 108 50 109 50 110 50 111 50 112 50 113 50 114 50 115 50 116 50 117 50 118 50 119 50 120 50 121 50 122 50 123 50 124 50 125 50 126 50 127 50 128 50 129 50 130 50 131 50 132 50;
connectAttr "EyeContact_scaleX.o" "EyeContact.sx";
createNode animCurveTL -n "EyeContact_translateY";
	setAttr ".tan" 18;
	setAttr ".wgt" no;
	setAttr -s 133 ".ktv[0:132]"  0 0.35 1 0.35 2 0.35 3 0.35 4 0.35 5 0.35 6 0.35 7 0.35 8 0.35 9 0.35 10 0.35 11 0.35 12 0.35 13 0.35 14 0.35 15 0.35 16 0.35 17 0.35 18 0.35 19 0.35 20 0.35 21 0.35 22 0.35 23 0.35 24 0.35 25 0.35 26 0.35 27 0.35 28 0.35 29 0.35 30 0.35 31 0.35 32 0.35 33 0.35 34 0.35 35 0.35 36 0.35 37 0.35 38 0.35 39 0.35 40 0.35 41 0.35 42 0.35 43 0.35 44 0.35 45 0.35 46 0.35 47 0.35 48 0.35 49 0.35 50 0.35 51 0.35 52 0.35 53 0.35 54 0.35 55 0.35 56 0.35 57 0.35 58 0.35 59 0.35 60 0.35 61 0.35 62 0.35 63 0.35 64 0.35 65 0.35 66 0.35 67 0.35 68 0.35 69 0.35 70 0.35 71 0.35 72 0.35 73 0.35 74 0.35 75 0.35 76 0.35 77 0.35 78 0.35 79 0.35 80 0.35 81 0.35 82 0.35 83 0.35 84 0.35 85 0.35 86 0.35 87 0.35 88 0.35 89 0.35 90 0.35 91 0.35 92 0.35 93 0.35 94 0.35 95 0.35 96 0.35 97 0.35 98 0.35 99 0.35 100 0.35 101 0.35 102 0.35 103 0.35 104 0.35 105 0.35 106 0.35 107 0.35 108 0.35 109 0.35 110 0.35 111 0.35 112 0.35 113 0.35 114 0.35 115 0.35 116 0.35 117 0.35 118 0.35 119 0.35 120 0.35 121 0.35 122 0.35 123 0.35 124 0.35 125 0.35 126 0.35 127 0.35 128 0.35 129 0.35 130 0.35 131 0.35 132 0.35;
connectAttr "EyeContact_translateY.o" "EyeContact.ty";
createNode animCurveTA -n "EyeContact_rotateY";
	setAttr ".tan" 18;
	setAttr ".wgt" no;
	setAttr -s 133 ".ktv[0:132]"  0 0 1 0 2 0 3 0 4 0 5 0 6 0 7 0 8 0 9 0 10 0 11 0 12 0 13 0 14 0 15 0 16 0 17 0 18 0 19 0 20 0 21 0 22 0 23 0 24 0 25 0 26 0 27 0 28 0 29 0 30 0 31 0 32 0 33 0 34 0 35 0 36 0 37 0 38 0 39 0 40 0 41 0 42 0 43 0 44 0 45 0 46 0 47 0 48 0 49 0 50 0 51 0 52 0 53 0 54 0 55 0 56 0 57 0 58 0 59 0 60 0 61 0 62 0 63 0 64 0 65 0 66 0 67 0 68 0 69 0 70 0 71 0 72 0 73 0 74 0 75 0 76 0 77 0 78 0 79 0 80 0 81 0 82 0 83 0 84 0 85 0 86 0 87 0 88 0 89 0 90 0 91 0 92 0 93 0 94 0 95 0 96 0 97 0 98 0 99 0 100 0 101 0 102 0 103 0 104 0 105 0 106 0 107 0 108 0 109 0 110 0 111 0 112 0 113 0 114 0 115 0 116 0 117 0 118 0 119 0 120 0 121 0 122 0 123 0 124 0 125 0 126 0 127 0 128 0 129 0 130 0 131 0 132 0;
connectAttr "EyeContact_rotateY.o" "EyeContact.ry";
createNode animCurveTU -n "EyeContact_scaleY";
	setAttr ".tan" 18;
	setAttr ".wgt" no;
	setAttr -s 133 ".ktv[0:132]"  0 50 1 50 2 50 3 50 4 50 5 50 6 50 7 50 8 50 9 50 10 50 11 50 12 50 13 50 14 50 15 50 16 50 17 50 18 50 19 50 20 50 21 50 22 50 23 50 24 50 25 50 26 50 27 50 28 50 29 50 30 50 31 50 32 50 33 50 34 50 35 50 36 50 37 50 38 50 39 50 40 50 41 50 42 50 43 50 44 50 45 50 46 50 47 50 48 50 49 50 50 50 51 50 52 50 53 50 54 50 55 50 56 50 57 50 58 50 59 50 60 50 61 50 62 50 63 50 64 50 65 50 66 50 67 50 68 50 69 50 70 50 71 50 72 50 73 50 74 50 75 50 76 50 77 50 78 50 79 50 80 50 81 50 82 50 83 50 84 50 85 50 86 50 87 50 88 50 89 50 90 50 91 50 92 50 93 50 94 50 95 50 96 50 97 50 98 50 99 50 100 50 101 50 102 50 103 50 104 50 105 50 106 50 107 50 108 50 109 50 110 50 111 50 112 50 113 50 114 50 115 50 116 50 117 50 118 50 119 50 120 50 121 50 122 50 123 50 124 50 125 50 126 50 127 50 128 50 129 50 130 50 131 50 132 50;
connectAttr "EyeContact_scaleY.o" "EyeContact.sy";
createNode animCurveTL -n "EyeContact_translateZ";
	setAttr ".tan" 18;
	setAttr ".wgt" no;
	setAttr -s 133 ".ktv[0:132]"  0 0 1 0 2 0 3 0 4 0 5 0 6 0 7 0 8 0 9 0 10 0 11 0 12 0 13 0 14 0 15 0 16 0 17 0 18 0 19 0 20 0 21 0 22 0 23 0 24 0 25 0 26 0 27 0 28 0 29 0 30 0 31 0 32 0 33 0 34 0 35 0 36 0 37 0 38 0 39 0 40 0 41 0 42 0 43 0 44 0 45 0 46 0 47 0 48 0 49 0 50 0 51 0 52 0 53 0 54 0 55 0 56 0 57 0 58 0 59 0 60 0 61 0 62 0 63 0 64 0 65 0 66 0 67 0 68 0 69 0 70 0 71 0 72 0 73 0 74 0 75 0 76 0 77 0 78 0 79 0 80 0 81 0 82 0 83 0 84 0 85 0 86 0 87 0 88 0 89 0 90 0 91 0 92 0 93 0 94 0 95 0 96 0 97 0 98 0 99 0 100 0 101 0 102 0 103 0 104 0 105 0 106 0 107 0 108 0 109 0 110 0 111 0 112 0 113 0 114 0 115 0 116 0 117 0 118 0 119 0 120 0 121 0 122 0 123 0 124 0 125 0 126 0 127 0 128 0 129 0 130 0 131 0 132 0;
connectAttr "EyeContact_translateZ.o" "EyeContact.tz";
createNode animCurveTA -n "EyeContact_rotateZ";
	setAttr ".tan" 18;
	setAttr ".wgt" no;
	setAttr -s 133 ".ktv[0:132]"  0 0 1 0 2 0 3 0 4 0 5 0 6 0 7 0 8 0 9 0 10 0 11 0 12 0 13 0 14 0 15 0 16 0 17 0 18 0 19 0 20 0 21 0 22 0 23 0 24 0 25 0 26 0 27 0 28 0 29 0 30 0 31 0 32 0 33 0 34 0 35 0 36 0 37 0 38 0 39 0 40 0 41 0 42 0 43 0 44 0 45 0 46 0 47 0 48 0 49 0 50 0 51 0 52 0 53 0 54 0 55 0 56 0 57 0 58 0 59 0 60 0 61 0 62 0 63 0 64 0 65 0 66 0 67 0 68 0 69 0 70 0 71 0 72 0 73 0 74 0 75 0 76 0 77 0 78 0 79 0 80 0 81 0 82 0 83 0 84 0 85 0 86 0 87 0 88 0 89 0 90 0 91 0 92 0 93 0 94 0 95 0 96 0 97 0 98 0 99 0 100 0 101 0 102 0 103 0 104 0 105 0 106 0 107 0 108 0 109 0 110 0 111 0 112 0 113 0 114 0 115 0 116 0 117 0 118 0 119 0 120 0 121 0 122 0 123 0 124 0 125 0 126 0 127 0 128 0 129 0 130 0 131 0 132 0;
connectAttr "EyeContact_rotateZ.o" "EyeContact.rz";
createNode animCurveTU -n "EyeContact_scaleZ";
	setAttr ".tan" 18;
	setAttr ".wgt" no;
	setAttr -s 133 ".ktv[0:132]"  0 50 1 50 2 50 3 50 4 50 5 50 6 50 7 50 8 50 9 50 10 50 11 50 12 50 13 50 14 50 15 50 16 50 17 50 18 50 19 50 20 50 21 50 22 50 23 50 24 50 25 50 26 50 27 50 28 50 29 50 30 50 31 50 32 50 33 50 34 50 35 50 36 50 37 50 38 50 39 50 40 50 41 50 42 50 43 50 44 50 45 50 46 50 47 50 48 50 49 50 50 50 51 50 52 50 53 50 54 50 55 50 56 50 57 50 58 50 59 50 60 50 61 50 62 50 63 50 64 50 65 50 66 50 67 50 68 50 69 50 70 50 71 50 72 50 73 50 74 50 75 50 76 50 77 50 78 50 79 50 80 50 81 50 82 50 83 50 84 50 85 50 86 50 87 50 88 50 89 50 90 50 91 50 92 50 93 50 94 50 95 50 96 50 97 50 98 50 99 50 100 50 101 50 102 50 103 50 104 50 105 50 106 50 107 50 108 50 109 50 110 50 111 50 112 50 113 50 114 50 115 50 116 50 117 50 118 50 119 50 120 50 121 50 122 50 123 50 124 50 125 50 126 50 127 50 128 50 129 50 130 50 131 50 132 50;
connectAttr "EyeContact_scaleZ.o" "EyeContact.sz";
createNode animCurveTL -n "EyeContact_translateX";
	setAttr ".tan" 18;
	setAttr ".wgt" no;
	setAttr -s 104 ".ktv[0:103]"  0 0 1 0 2 0 3 0 4 0 5 0 6 0 7 0 8 0 9 0 10 0 11 0 12 0 13 0 14 0 15 0 16 0 17 0 18 0 19 0 20 0 21 0 22 0 23 0 24 0 25 0 26 0 27 0 28 0 29 0 30 0 31 0 32 0 33 0 34 0 35 0 36 0 37 0 38 0 39 0 40 0 41 0 42 0 43 0 44 0 45 0 46 0 47 0 48 0 49 0 50 0 51 0 52 0 53 0 54 0 55 0 56 0 57 0 58 0 59 0 60 0 61 0 62 0 63 0 64 0 65 0 66 0 67 0 68 0 69 0 70 0 71 0 72 0 73 0 74 0 75 0 76 0 77 0 78 0 79 0 80 0 81 0 82 0 83 0 84 0 85 0 86 0 87 0 88 0 89 0 90 0 91 0 92 0 93 0 94 0 95 0 96 0 97 0 98 0 99 0 100 0 101 0 102 0 103 0;
connectAttr "EyeContact_translateX.o" "EyeContact.tx";
createNode animCurveTA -n "EyeContact_rotateX";
	setAttr ".tan" 18;
	setAttr ".wgt" no;
	setAttr -s 104 ".ktv[0:103]"  0 18.39309 1 18.39315 2 18.39317 3 18.39318 4 18.3932 5 18.39321 6 18.39322 7 18.39322 8 18.39323 9 18.39324 10 18.39325 11 17.9163 12 17.50647 13 17.18778 14 16.91183 15 16.66967 16 16.47134 17 16.03609 18 15.9492 19 15.88093 20 15.82154 21 15.76646 22 15.72607 23 15.69335 24 15.66557 25 15.59825 26 15.58627 27 15.57628 28 15.56795 29 15.56093 30 15.55498 31 15.55035 32 15.54623 33 15.53528 34 15.53372 35 15.53245 36 15.53137 37 15.53048 38 15.52973 39 15.52909 40 15.52787 41 15.52756 42 15.52729 43 15.52708 44 15.52689 45 15.52674 46 15.52661 47 15.52651 48 15.20949 49 15.0573 50 14.92823 51 14.80997 52 14.70623 53 14.56556 54 14.45607 55 14.35784 56 14.28029 57 14.15047 58 14.1053 59 14.06703 60 14.03618 61 14.00992 62 13.98755 63 13.96888 64 13.95437 65 13.94143 66 13.91995 67 14.09081 68 14.22192 69 14.34026 70 14.43219 71 14.51211 72 14.61697 73 14.74502 74 15.26351 75 15.4216 76 15.56903 77 15.70012 78 15.55844 79 15.43556 80 15.39041 81 15.35046 82 15.2762 83 15.22575 84 15.18255 85 15.12195 86 15.07573 87 14.7677 88 14.54876 89 14.3717 90 14.07188 91 13.9703 92 13.88424 93 13.81201 94 13.75541 95 13.69205 96 13.64975 97 13.6178 98 13.53759 99 13.52379 100 13.51217 101 13.50365 102 13.4954 103 13.48931;
connectAttr "EyeContact_rotateX.o" "EyeContact.rx";
createNode animCurveTU -n "EyeContact_scaleX";
	setAttr ".tan" 18;
	setAttr ".wgt" no;
	setAttr -s 104 ".ktv[0:103]"  0 50 1 50 2 50 3 50 4 50 5 50 6 50 7 50 8 50 9 50 10 50 11 50 12 50 13 50 14 50 15 50 16 50 17 50 18 50 19 50 20 50 21 50 22 50 23 50 24 50 25 50 26 50 27 50 28 50 29 50 30 50 31 50 32 50 33 50 34 50 35 50 36 50 37 50 38 50 39 50 40 50 41 50 42 50 43 50 44 50 45 50 46 50 47 50 48 50 49 50 50 50 51 50 52 50 53 50 54 50 55 50 56 50 57 50 58 50 59 50 60 50 61 50 62 50 63 50 64 50 65 50 66 50 67 50 68 50 69 50 70 50 71 50 72 50 73 50 74 50 75 50 76 50 77 50 78 50 79 50 80 50 81 50 82 50 83 50 84 50 85 50 86 50 87 50 88 50 89 50 90 50 91 50 92 50 93 50 94 50 95 50 96 50 97 50 98 50 99 50 100 50 101 50 102 50 103 50;
connectAttr "EyeContact_scaleX.o" "EyeContact.sx";
createNode animCurveTL -n "EyeContact_translateY";
	setAttr ".tan" 18;
	setAttr ".wgt" no;
	setAttr -s 104 ".ktv[0:103]"  0 0.35 1 0.35 2 0.35 3 0.35 4 0.35 5 0.35 6 0.35 7 0.35 8 0.35 9 0.35 10 0.35 11 0.35 12 0.35 13 0.35 14 0.35 15 0.35 16 0.35 17 0.35 18 0.35 19 0.35 20 0.35 21 0.35 22 0.35 23 0.35 24 0.35 25 0.35 26 0.35 27 0.35 28 0.35 29 0.35 30 0.35 31 0.35 32 0.35 33 0.35 34 0.35 35 0.35 36 0.35 37 0.35 38 0.35 39 0.35 40 0.35 41 0.35 42 0.35 43 0.35 44 0.35 45 0.35 46 0.35 47 0.35 48 0.35 49 0.35 50 0.35 51 0.35 52 0.35 53 0.35 54 0.35 55 0.35 56 0.35 57 0.35 58 0.35 59 0.35 60 0.35 61 0.35 62 0.35 63 0.35 64 0.35 65 0.35 66 0.35 67 0.35 68 0.35 69 0.35 70 0.35 71 0.35 72 0.35 73 0.35 74 0.35 75 0.35 76 0.35 77 0.35 78 0.35 79 0.35 80 0.35 81 0.35 82 0.35 83 0.35 84 0.35 85 0.35 86 0.35 87 0.35 88 0.35 89 0.35 90 0.35 91 0.35 92 0.35 93 0.35 94 0.35 95 0.35 96 0.35 97 0.35 98 0.35 99 0.35 100 0.35 101 0.35 102 0.35 103 0.35;
connectAttr "EyeContact_translateY.o" "EyeContact.ty";
createNode animCurveTA -n "EyeContact_rotateY";
	setAttr ".tan" 18;
	setAttr ".wgt" no;
	setAttr -s 104 ".ktv[0:103]"  0 16.06124 1 16.06155 2 16.06163 3 16.0617 4 16.06176 5 16.06181 6 16.06185 7 16.06188 8 16.06191 9 16.06198 10 16.06199 11 16.37409 12 16.64449 13 16.85617 14 17.04044 15 17.20291 16 17.33649 17 17.63129 18 17.6904 19 17.73692 20 17.77742 21 17.81503 22 17.84262 23 17.86499 24 17.88399 25 17.93008 26 17.93829 27 17.94513 28 17.95085 29 17.95565 30 17.95974 31 17.96291 32 17.96573 33 17.97324 34 17.97431 35 17.97518 36 17.97592 37 17.97653 38 17.97705 39 17.97748 40 17.97832 41 17.97853 42 17.97872 43 17.97887 44 17.97899 45 17.97909 46 17.97918 47 17.97926 48 17.91989 49 17.93405 50 17.94647 51 17.99783 52 18.04312 53 18.11657 54 18.17392 55 18.2255 56 18.26632 57 18.3348 58 18.35869 59 18.37894 60 18.39529 61 18.40921 62 18.42107 63 18.43098 64 18.43868 65 18.44555 66 18.45696 67 18.32458 68 18.22319 69 18.13184 70 18.06097 71 17.99944 72 17.87102 73 17.75664 74 17.46394 75 17.37528 76 17.27951 77 17.1946 78 17.24925 79 17.29642 80 17.34296 81 17.38396 82 17.34679 83 17.8727 84 18.31433 85 18.53359 86 18.69957 87 19.14007 88 19.45197 89 19.70347 90 20.12776 91 20.27107 92 20.39229 93 20.49392 94 20.57346 95 20.66242 96 20.72175 97 20.76655 98 20.8789 99 20.89822 100 20.91447 101 20.92638 102 20.93793 103 20.94645;
connectAttr "EyeContact_rotateY.o" "EyeContact.ry";
createNode animCurveTU -n "EyeContact_scaleY";
	setAttr ".tan" 18;
	setAttr ".wgt" no;
	setAttr -s 104 ".ktv[0:103]"  0 50 1 50 2 50 3 50 4 50 5 50 6 50 7 50 8 50 9 50 10 50 11 50 12 50 13 50 14 50 15 50 16 50 17 50 18 50 19 50 20 50 21 50 22 50 23 50 24 50 25 50 26 50 27 50 28 50 29 50 30 50 31 50 32 50 33 50 34 50 35 50 36 50 37 50 38 50 39 50 40 50 41 50 42 50 43 50 44 50 45 50 46 50 47 50 48 50 49 50 50 50 51 50 52 50 53 50 54 50 55 50 56 50 57 50 58 50 59 50 60 50 61 50 62 50 63 50 64 50 65 50 66 50 67 50 68 50 69 50 70 50 71 50 72 50 73 50 74 50 75 50 76 50 77 50 78 50 79 50 80 50 81 50 82 50 83 50 84 50 85 50 86 50 87 50 88 50 89 50 90 50 91 50 92 50 93 50 94 50 95 50 96 50 97 50 98 50 99 50 100 50 101 50 102 50 103 50;
connectAttr "EyeContact_scaleY.o" "EyeContact.sy";
createNode animCurveTL -n "EyeContact_translateZ";
	setAttr ".tan" 18;
	setAttr ".wgt" no;
	setAttr -s 104 ".ktv[0:103]"  0 0 1 0 2 0 3 0 4 0 5 0 6 0 7 0 8 0 9 0 10 0 11 0 12 0 13 0 14 0 15 0 16 0 17 0 18 0 19 0 20 0 21 0 22 0 23 0 24 0 25 0 26 0 27 0 28 0 29 0 30 0 31 0 32 0 33 0 34 0 35 0 36 0 37 0 38 0 39 0 40 0 41 0 42 0 43 0 44 0 45 0 46 0 47 0 48 0 49 0 50 0 51 0 52 0 53 0 54 0 55 0 56 0 57 0 58 0 59 0 60 0 61 0 62 0 63 0 64 0 65 0 66 0 67 0 68 0 69 0 70 0 71 0 72 0 73 0 74 0 75 0 76 0 77 0 78 0 79 0 80 0 81 0 82 0 83 0 84 0 85 0 86 0 87 0 88 0 89 0 90 0 91 0 92 0 93 0 94 0 95 0 96 0 97 0 98 0 99 0 100 0 101 0 102 0 103 0;
connectAttr "EyeContact_translateZ.o" "EyeContact.tz";
createNode animCurveTA -n "EyeContact_rotateZ";
	setAttr ".tan" 18;
	setAttr ".wgt" no;
	setAttr -s 104 ".ktv[0:103]"  0 3.820739 1 3.820839 2 3.820867 3 3.82089 4 3.820909 5 3.820924 6 3.820938 7 3.820949 8 3.820959 9 3.820979 10 3.820983 11 4.101675 12 4.341437 13 4.526963 14 4.686942 15 4.826828 16 4.941031 17 5.190529 18 5.240146 19 5.279085 20 5.312927 21 5.344291 22 5.36727 23 5.385877 24 5.401667 25 5.439903 26 5.446703 27 5.452373 28 5.457104 29 5.461083 30 5.464463 31 5.467088 32 5.469425 33 5.475634 34 5.476519 35 5.477239 36 5.477848 37 5.478356 38 5.47878 39 5.479142 40 5.479834 41 5.480013 42 5.480166 43 5.480287 44 5.480392 45 5.480478 46 5.480549 47 5.480612 48 5.934437 49 6.143518 50 6.320872 51 6.452803 52 6.568554 53 6.663067 54 6.736562 55 6.802443 56 6.854417 57 6.941348 58 6.97158 59 6.99718 60 7.017812 61 7.035373 62 7.05032 63 7.0628 64 7.072501 65 7.081142 66 7.095496 67 7.010749 68 6.945502 69 6.886458 70 6.840486 71 6.800448 72 6.731492 73 6.630462 74 6.337069 75 6.24724 76 6.15669 77 6.076051 78 5.977033 79 5.891088 80 5.7681 81 5.659461 82 5.469919 83 5.375041 84 5.294758 85 5.190162 86 5.110694 87 5.062936 88 5.027508 89 4.997959 90 4.946097 91 4.928006 92 4.912476 93 4.899295 94 4.888875 95 4.877114 96 4.869206 97 4.863202 98 4.848018 99 4.84539 100 4.843173 101 4.841546 102 4.839967 103 4.838801;
connectAttr "EyeContact_rotateZ.o" "EyeContact.rz";
createNode animCurveTU -n "EyeContact_scaleZ";
	setAttr ".tan" 18;
	setAttr ".wgt" no;
	setAttr -s 104 ".ktv[0:103]"  0 50 1 50 2 50 3 50 4 50 5 50 6 50 7 50 8 50 9 50 10 50 11 50 12 50 13 50 14 50 15 50 16 50 17 50 18 50 19 50 20 50 21 50 22 50 23 50 24 50 25 50 26 50 27 50 28 50 29 50 30 50 31 50 32 50 33 50 34 50 35 50 36 50 37 50 38 50 39 50 40 50 41 50 42 50 43 50 44 50 45 50 46 50 47 50 48 50 49 50 50 50 51 50 52 50 53 50 54 50 55 50 56 50 57 50 58 50 59 50 60 50 61 50 62 50 63 50 64 50 65 50 66 50 67 50 68 50 69 50 70 50 71 50 72 50 73 50 74 50 75 50 76 50 77 50 78 50 79 50 80 50 81 50 82 50 83 50 84 50 85 50 86 50 87 50 88 50 89 50 90 50 91 50 92 50 93 50 94 50 95 50 96 50 97 50 98 50 99 50 100 50 101 50 102 50 103 50;
connectAttr "EyeContact_scaleZ.o" "EyeContact.sz";
createNode animCurveTL -n "EyeContact_translateX";
	setAttr ".tan" 18;
	setAttr ".wgt" no;
	setAttr -s 104 ".ktv[0:103]"  0 0 1 0 2 0 3 0 4 0 5 0 6 0 7 0 8 0 9 0 10 0 11 0 12 0 13 0 14 0 15 0 16 0 17 0 18 0 19 0 20 0 21 0 22 0 23 0 24 0 25 0 26 0 27 0 28 0 29 0 30 0 31 0 32 0 33 0 34 0 35 0 36 0 37 0 38 0 39 0 40 0 41 0 42 0 43 0 44 0 45 0 46 0 47 0 48 0 49 0 50 0 51 0 52 0 53 0 54 0 55 0 56 0 57 0 58 0 59 0 60 0 61 0 62 0 63 0 64 0 65 0 66 0 67 0 68 0 69 0 70 0 71 0 72 0 73 0 74 0 75 0 76 0 77 0 78 0 79 0 80 0 81 0 82 0 83 0 84 0 85 0 86 0 87 0 88 0 89 0 90 0 91 0 92 0 93 0 94 0 95 0 96 0 97 0 98 0 99 0 100 0 101 0 102 0 103 0;
connectAttr "EyeContact_translateX.o" "EyeContact.tx";
createNode animCurveTA -n "EyeContact_rotateX";
	setAttr ".tan" 18;
	setAttr ".wgt" no;
	setAttr -s 104 ".ktv[0:103]"  0 18.39309 1 18.39315 2 18.39317 3 18.39318 4 18.3932 5 18.39321 6 18.39322 7 18.39322 8 18.39323 9 18.39324 10 18.39325 11 17.9163 12 17.50647 13 17.18778 14 16.91183 15 16.66967 16 16.47134 17 16.03609 18 15.9492 19 15.88093 20 15.82154 21 15.76646 22 15.72607 23 15.69335 24 15.66557 25 15.59825 26 15.58627 27 15.57628 28 15.56795 29 15.56093 30 15.55498 31 15.55035 32 15.54623 33 15.53528 34 15.53372 35 15.53245 36 15.53137 37 15.53048 38 15.52973 39 15.52909 40 15.52787 41 15.52756 42 15.52729 43 15.52708 44 15.52689 45 15.52674 46 15.52661 47 15.52651 48 15.20949 49 15.0573 50 14.92823 51 14.80997 52 14.70623 53 14.56556 54 14.45607 55 14.35784 56 14.28029 57 14.15047 58 14.1053 59 14.06703 60 14.03618 61 14.00992 62 13.98755 63 13.96888 64 13.95437 65 13.94143 66 13.91995 67 14.09081 68 14.22192 69 14.34026 70 14.43219 71 14.51211 72 14.61697 73 14.74502 74 15.26351 75 15.4216 76 15.56903 77 15.70012 78 15.55844 79 15.43556 80 15.39041 81 15.35046 82 15.2762 83 15.22575 84 15.18255 85 15.12195 86 15.07573 87 14.7677 88 14.54876 89 14.3717 90 14.07188 91 13.9703 92 13.88424 93 13.81201 94 13.75541 95 13.69205 96 13.64975 97 13.6178 98 13.53759 99 13.52379 100 13.51217 101 13.50365 102 13.4954 103 13.48931;
connectAttr "EyeContact_rotateX.o" "EyeContact.rx";
createNode animCurveTU -n "EyeContact_scaleX";
	setAttr ".tan" 18;
	setAttr ".wgt" no;
	setAttr -s 104 ".ktv[0:103]"  0 50 1 50 2 50 3 50 4 50 5 50 6 50 7 50 8 50 9 50 10 50 11 50 12 50 13 50 14 50 15 50 16 50 17 50 18 50 19 50 20 50 21 50 22 50 23 50 24 50 25 50 26 50 27 50 28 50 29 50 30 50 31 50 32 50 33 50 34 50 35 50 36 50 37 50 38 50 39 50 40 50 41 50 42 50 43 50 44 50 45 50 46 50 47 50 48 50 49 50 50 50 51 50 52 50 53 50 54 50 55 50 56 50 57 50 58 50 59 50 60 50 61 50 62 50 63 50 64 50 65 50 66 50 67 50 68 50 69 50 70 50 71 50 72 50 73 50 74 50 75 50 76 50 77 50 78 50 79 50 80 50 81 50 82 50 83 50 84 50 85 50 86 50 87 50 88 50 89 50 90 50 91 50 92 50 93 50 94 50 95 50 96 50 97 50 98 50 99 50 100 50 101 50 102 50 103 50;
connectAttr "EyeContact_scaleX.o" "EyeContact.sx";
createNode animCurveTL -n "EyeContact_translateY";
	setAttr ".tan" 18;
	setAttr ".wgt" no;
	setAttr -s 104 ".ktv[0:103]"  0 0.35 1 0.35 2 0.35 3 0.35 4 0.35 5 0.35 6 0.35 7 0.35 8 0.35 9 0.35 10 0.35 11 0.35 12 0.35 13 0.35 14 0.35 15 0.35 16 0.35 17 0.35 18 0.35 19 0.35 20 0.35 21 0.35 22 0.35 23 0.35 24 0.35 25 0.35 26 0.35 27 0.35 28 0.35 29 0.35 30 0.35 31 0.35 32 0.35 33 0.35 34 0.35 35 0.35 36 0.35 37 0.35 38 0.35 39 0.35 40 0.35 41 0.35 42 0.35 43 0.35 44 0.35 45 0.35 46 0.35 47 0.35 48 0.35 49 0.35 50 0.35 51 0.35 52 0.35 53 0.35 54 0.35 55 0.35 56 0.35 57 0.35 58 0.35 59 0.35 60 0.35 61 0.35 62 0.35 63 0.35 64 0.35 65 0.35 66 0.35 67 0.35 68 0.35 69 0.35 70 0.35 71 0.35 72 0.35 73 0.35 74 0.35 75 0.35 76 0.35 77 0.35 78 0.35 79 0.35 80 0.35 81 0.35 82 0.35 83 0.35 84 0.35 85 0.35 86 0.35 87 0.35 88 0.35 89 0.35 90 0.35 91 0.35 92 0.35 93 0.35 94 0.35 95 0.35 96 0.35 97 0.35 98 0.35 99 0.35 100 0.35 101 0.35 102 0.35 103 0.35;
connectAttr "EyeContact_translateY.o" "EyeContact.ty";
createNode animCurveTA -n "EyeContact_rotateY";
	setAttr ".tan" 18;
	setAttr ".wgt" no;
	setAttr -s 104 ".ktv[0:103]"  0 16.06124 1 16.06155 2 16.06163 3 16.0617 4 16.06176 5 16.06181 6 16.06185 7 16.06188 8 16.06191 9 16.06198 10 16.06199 11 16.37409 12 16.64449 13 16.85617 14 17.04044 15 17.20291 16 17.33649 17 17.63129 18 17.6904 19 17.73692 20 17.77742 21 17.81503 22 17.84262 23 17.86499 24 17.88399 25 17.93008 26 17.93829 27 17.94513 28 17.95085 29 17.95565 30 17.95974 31 17.96291 32 17.96573 33 17.97324 34 17.97431 35 17.97518 36 17.97592 37 17.97653 38 17.97705 39 17.97748 40 17.97832 41 17.97853 42 17.97872 43 17.97887 44 17.97899 45 17.97909 46 17.97918 47 17.97926 48 17.91989 49 17.93405 50 17.94647 51 17.99783 52 18.04312 53 18.11657 54 18.17392 55 18.2255 56 18.26632 57 18.3348 58 18.35869 59 18.37894 60 18.39529 61 18.40921 62 18.42107 63 18.43098 64 18.43868 65 18.44555 66 18.45696 67 18.32458 68 18.22319 69 18.13184 70 18.06097 71 17.99944 72 17.87102 73 17.75664 74 17.46394 75 17.37528 76 17.27951 77 17.1946 78 17.24925 79 17.29642 80 17.34296 81 17.38396 82 17.34679 83 17.8727 84 18.31433 85 18.53359 86 18.69957 87 19.14007 88 19.45197 89 19.70347 90 20.12776 91 20.27107 92 20.39229 93 20.49392 94 20.57346 95 20.66242 96 20.72175 97 20.76655 98 20.8789 99 20.89822 100 20.91447 101 20.92638 102 20.93793 103 20.94645;
connectAttr "EyeContact_rotateY.o" "EyeContact.ry";
createNode animCurveTU -n "EyeContact_scaleY";
	setAttr ".tan" 18;
	setAttr ".wgt" no;
	setAttr -s 104 ".ktv[0:103]"  0 50 1 50 2 50 3 50 4 50 5 50 6 50 7 50 8 50 9 50 10 50 11 50 12 50 13 50 14 50 15 50 16 50 17 50 18 50 19 50 20 50 21 50 22 50 23 50 24 50 25 50 26 50 27 50 28 50 29 50 30 50 31 50 32 50 33 50 34 50 35 50 36 50 37 50 38 50 39 50 40 50 41 50 42 50 43 50 44 50 45 50 46 50 47 50 48 50 49 50 50 50 51 50 52 50 53 50 54 50 55 50 56 50 57 50 58 50 59 50 60 50 61 50 62 50 63 50 64 50 65 50 66 50 67 50 68 50 69 50 70 50 71 50 72 50 73 50 74 50 75 50 76 50 77 50 78 50 79 50 80 50 81 50 82 50 83 50 84 50 85 50 86 50 87 50 88 50 89 50 90 50 91 50 92 50 93 50 94 50 95 50 96 50 97 50 98 50 99 50 100 50 101 50 102 50 103 50;
connectAttr "EyeContact_scaleY.o" "EyeContact.sy";
createNode animCurveTL -n "EyeContact_translateZ";
	setAttr ".tan" 18;
	setAttr ".wgt" no;
	setAttr -s 104 ".ktv[0:103]"  0 0 1 0 2 0 3 0 4 0 5 0 6 0 7 0 8 0 9 0 10 0 11 0 12 0 13 0 14 0 15 0 16 0 17 0 18 0 19 0 20 0 21 0 22 0 23 0 24 0 25 0 26 0 27 0 28 0 29 0 30 0 31 0 32 0 33 0 34 0 35 0 36 0 37 0 38 0 39 0 40 0 41 0 42 0 43 0 44 0 45 0 46 0 47 0 48 0 49 0 50 0 51 0 52 0 53 0 54 0 55 0 56 0 57 0 58 0 59 0 60 0 61 0 62 0 63 0 64 0 65 0 66 0 67 0 68 0 69 0 70 0 71 0 72 0 73 0 74 0 75 0 76 0 77 0 78 0 79 0 80 0 81 0 82 0 83 0 84 0 85 0 86 0 87 0 88 0 89 0 90 0 91 0 92 0 93 0 94 0 95 0 96 0 97 0 98 0 99 0 100 0 101 0 102 0 103 0;
connectAttr "EyeContact_translateZ.o" "EyeContact.tz";
createNode animCurveTA -n "EyeContact_rotateZ";
	setAttr ".tan" 18;
	setAttr ".wgt" no;
	setAttr -s 104 ".ktv[0:103]"  0 3.820739 1 3.820839 2 3.820867 3 3.82089 4 3.820909 5 3.820924 6 3.820938 7 3.820949 8 3.820959 9 3.820979 10 3.820983 11 4.101675 12 4.341437 13 4.526963 14 4.686942 15 4.826828 16 4.941031 17 5.190529 18 5.240146 19 5.279085 20 5.312927 21 5.344291 22 5.36727 23 5.385877 24 5.401667 25 5.439903 26 5.446703 27 5.452373 28 5.457104 29 5.461083 30 5.464463 31 5.467088 32 5.469425 33 5.475634 34 5.476519 35 5.477239 36 5.477848 37 5.478356 38 5.47878 39 5.479142 40 5.479834 41 5.480013 42 5.480166 43 5.480287 44 5.480392 45 5.480478 46 5.480549 47 5.480612 48 5.934437 49 6.143518 50 6.320872 51 6.452803 52 6.568554 53 6.663067 54 6.736562 55 6.802443 56 6.854417 57 6.941348 58 6.97158 59 6.99718 60 7.017812 61 7.035373 62 7.05032 63 7.0628 64 7.072501 65 7.081142 66 7.095496 67 7.010749 68 6.945502 69 6.886458 70 6.840486 71 6.800448 72 6.731492 73 6.630462 74 6.337069 75 6.24724 76 6.15669 77 6.076051 78 5.977033 79 5.891088 80 5.7681 81 5.659461 82 5.469919 83 5.375041 84 5.294758 85 5.190162 86 5.110694 87 5.062936 88 5.027508 89 4.997959 90 4.946097 91 4.928006 92 4.912476 93 4.899295 94 4.888875 95 4.877114 96 4.869206 97 4.863202 98 4.848018 99 4.84539 100 4.843173 101 4.841546 102 4.839967 103 4.838801;
connectAttr "EyeContact_rotateZ.o" "EyeContact.rz";
createNode animCurveTU -n "EyeContact_scaleZ";
	setAttr ".tan" 18;
	setAttr ".wgt" no;
	setAttr -s 104 ".ktv[0:103]"  0 50 1 50 2 50 3 50 4 50 5 50 6 50 7 50 8 50 9 50 10 50 11 50 12 50 13 50 14 50 15 50 16 50 17 50 18 50 19 50 20 50 21 50 22 50 23 50 24 50 25 50 26 50 27 50 28 50 29 50 30 50 31 50 32 50 33 50 34 50 35 50 36 50 37 50 38 50 39 50 40 50 41 50 42 50 43 50 44 50 45 50 46 50 47 50 48 50 49 50 50 50 51 50 52 50 53 50 54 50 55 50 56 50 57 50 58 50 59 50 60 50 61 50 62 50 63 50 64 50 65 50 66 50 67 50 68 50 69 50 70 50 71 50 72 50 73 50 74 50 75 50 76 50 77 50 78 50 79 50 80 50 81 50 82 50 83 50 84 50 85 50 86 50 87 50 88 50 89 50 90 50 91 50 92 50 93 50 94 50 95 50 96 50 97 50 98 50 99 50 100 50 101 50 102 50 103 50;
connectAttr "EyeContact_scaleZ.o" "EyeContact.sz";
createNode animCurveTL -n "EyeContact_translateX";
	setAttr ".tan" 18;
	setAttr ".wgt" no;
	setAttr -s 74 ".ktv[0:73]"  0 0 1 0 2 0 3 0 4 0 5 0 6 0 7 0 8 0 9 0 10 0 11 0 12 0 13 0 14 0 15 0 16 0 17 0 18 0 19 0 20 0 21 0 22 0 23 0 24 0 25 0 26 0 27 0 28 0 29 0 30 0 31 0 32 0 33 0 34 0 35 0 36 0 37 0 38 0 39 0 40 0 41 0 42 0 43 0 44 0 45 0 46 0 47 0 48 0 49 0 50 0 51 0 52 0 53 0 54 0 55 0 56 0 57 0 58 0 59 0 60 0 61 0 62 0 63 0 64 0 65 0 66 0 67 0 68 0 69 0 70 0 71 0 72 0 73 0;
connectAttr "EyeContact_translateX.o" "EyeContact.tx";
createNode animCurveTA -n "EyeContact_rotateX";
	setAttr ".tan" 18;
	setAttr ".wgt" no;
	setAttr -s 74 ".ktv[0:73]"  0 21.79072 1 21.92814 2 21.96421 3 21.99517 4 22.0207 5 22.04033 6 22.07922 7 21.98758 8 21.92625 9 21.87692 10 21.83401 11 21.79717 12 21.217 13 20.99388 14 20.81924 15 20.66642 16 20.54272 17 20.43774 18 20.35013 19 20.21424 20 20.16093 21 19.61968 22 19.13685 23 18.65975 24 18.26518 25 17.92091 26 17.63183 27 17.41781 28 17.22256 29 17.05771 30 16.9306 31 16.70415 32 16.63133 33 16.56882 34 16.51984 35 16.47736 36 16.40801 37 16.38424 38 16.36441 39 16.34703 40 16.33406 41 16.30997 42 16.30245 43 16.29603 44 16.29093 45 16.28652 46 16.27941 47 16.27693 48 16.27485 49 16.27315 50 16.27172 51 16.26937 52 16.26858 53 16.26791 54 16.26734 55 16.26687 56 16.26646 57 16.26614 58 16.26587 59 15.54147 60 14.9322 61 14.42822 62 14.00773 63 13.28876 64 13.05669 65 12.85891 66 12.7007 67 12.56567 68 12.45427 69 12.35787 70 12.27879 71 12.21413 72 12.16076 73 12.115;
connectAttr "EyeContact_rotateX.o" "EyeContact.rx";
createNode animCurveTU -n "EyeContact_scaleX";
	setAttr ".tan" 18;
	setAttr ".wgt" no;
	setAttr -s 74 ".ktv[0:73]"  0 50 1 50 2 50 3 50 4 50 5 50 6 50 7 50 8 50 9 50 10 50 11 50 12 50 13 50 14 50 15 50 16 50 17 50 18 50 19 50 20 50 21 50 22 50 23 50 24 50 25 50 26 50 27 50 28 50 29 50 30 50 31 50 32 50 33 50 34 50 35 50 36 50 37 50 38 50 39 50 40 50 41 50 42 50 43 50 44 50 45 50 46 50 47 50 48 50 49 50 50 50 51 50 52 50 53 50 54 50 55 50 56 50 57 50 58 50 59 50 60 50 61 50 62 50 63 50 64 50 65 50 66 50 67 50 68 50 69 50 70 50 71 50 72 50 73 50;
connectAttr "EyeContact_scaleX.o" "EyeContact.sx";
createNode animCurveTL -n "EyeContact_translateY";
	setAttr ".tan" 18;
	setAttr ".wgt" no;
	setAttr -s 74 ".ktv[0:73]"  0 0.35 1 0.35 2 0.35 3 0.35 4 0.35 5 0.35 6 0.35 7 0.35 8 0.35 9 0.35 10 0.35 11 0.35 12 0.35 13 0.35 14 0.35 15 0.35 16 0.35 17 0.35 18 0.35 19 0.35 20 0.35 21 0.35 22 0.35 23 0.35 24 0.35 25 0.35 26 0.35 27 0.35 28 0.35 29 0.35 30 0.35 31 0.35 32 0.35 33 0.35 34 0.35 35 0.35 36 0.35 37 0.35 38 0.35 39 0.35 40 0.35 41 0.35 42 0.35 43 0.35 44 0.35 45 0.35 46 0.35 47 0.35 48 0.35 49 0.35 50 0.35 51 0.35 52 0.35 53 0.35 54 0.35 55 0.35 56 0.35 57 0.35 58 0.35 59 0.35 60 0.35 61 0.35 62 0.35 63 0.35 64 0.35 65 0.35 66 0.35 67 0.35 68 0.35 69 0.35 70 0.35 71 0.35 72 0.35 73 0.35;
connectAttr "EyeContact_translateY.o" "EyeContact.ty";
createNode animCurveTA -n "EyeContact_rotateY";
	setAttr ".tan" 18;
	setAttr ".wgt" no;
	setAttr -s 74 ".ktv[0:73]"  0 23.25279 1 23.18883 2 23.17207 3 23.15768 4 23.14583 5 23.13671 6 23.11867 7 22.49634 8 22.08573 9 21.75876 10 21.47666 11 21.23615 12 21.53065 13 21.64453 14 21.73389 15 21.81226 16 21.87582 17 21.92982 18 21.97496 19 22.04507 20 22.07261 21 21.76996 22 21.50203 23 21.24974 24 21.04253 25 20.86279 26 20.71265 27 20.60195 28 20.50129 29 20.41657 30 20.3514 31 20.23565 32 20.19852 33 20.16669 34 20.14177 35 20.12017 36 20.08495 37 20.07288 38 20.06282 39 20.05401 40 20.04744 41 20.03523 42 20.03141 43 20.02816 44 20.02558 45 20.02334 46 20.01974 47 20.01849 48 20.01744 49 20.01657 50 20.01585 51 20.01466 52 20.01426 53 20.01392 54 20.01363 55 20.01339 56 20.01319 57 20.01302 58 20.01289 59 20.09055 60 20.15571 61 20.20948 62 20.25426 63 20.33063 64 20.35522 65 20.37616 66 20.3929 67 20.40718 68 20.41895 69 20.42913 70 20.43748 71 20.4443 72 20.44993 73 20.45476;
connectAttr "EyeContact_rotateY.o" "EyeContact.ry";
createNode animCurveTU -n "EyeContact_scaleY";
	setAttr ".tan" 18;
	setAttr ".wgt" no;
	setAttr -s 74 ".ktv[0:73]"  0 50 1 50 2 50 3 50 4 50 5 50 6 50 7 50 8 50 9 50 10 50 11 50 12 50 13 50 14 50 15 50 16 50 17 50 18 50 19 50 20 50 21 50 22 50 23 50 24 50 25 50 26 50 27 50 28 50 29 50 30 50 31 50 32 50 33 50 34 50 35 50 36 50 37 50 38 50 39 50 40 50 41 50 42 50 43 50 44 50 45 50 46 50 47 50 48 50 49 50 50 50 51 50 52 50 53 50 54 50 55 50 56 50 57 50 58 50 59 50 60 50 61 50 62 50 63 50 64 50 65 50 66 50 67 50 68 50 69 50 70 50 71 50 72 50 73 50;
connectAttr "EyeContact_scaleY.o" "EyeContact.sy";
createNode animCurveTL -n "EyeContact_translateZ";
	setAttr ".tan" 18;
	setAttr ".wgt" no;
	setAttr -s 74 ".ktv[0:73]"  0 0 1 0 2 0 3 0 4 0 5 0 6 0 7 0 8 0 9 0 10 0 11 0 12 0 13 0 14 0 15 0 16 0 17 0 18 0 19 0 20 0 21 0 22 0 23 0 24 0 25 0 26 0 27 0 28 0 29 0 30 0 31 0 32 0 33 0 34 0 35 0 36 0 37 0 38 0 39 0 40 0 41 0 42 0 43 0 44 0 45 0 46 0 47 0 48 0 49 0 50 0 51 0 52 0 53 0 54 0 55 0 56 0 57 0 58 0 59 0 60 0 61 0 62 0 63 0 64 0 65 0 66 0 67 0 68 0 69 0 70 0 71 0 72 0 73 0;
connectAttr "EyeContact_translateZ.o" "EyeContact.tz";
createNode animCurveTA -n "EyeContact_rotateZ";
	setAttr ".tan" 18;
	setAttr ".wgt" no;
	setAttr -s 74 ".ktv[0:73]"  0 3.013248 1 2.953014 2 2.937185 3 2.923588 4 2.912372 5 2.90374 6 2.886639 7 3.052813 8 3.162672 9 3.250285 10 3.325977 11 3.390586 12 3.628956 13 3.719917 14 3.790833 15 3.852687 16 3.902621 17 3.944896 18 3.98011 19 4.034605 20 4.055944 21 4.310888 22 4.540327 23 4.766 24 4.953956 25 5.118912 26 5.258109 27 5.361559 28 5.456239 29 5.536386 30 5.598326 31 5.708957 32 5.744615 33 5.775256 34 5.799282 35 5.820127 36 5.854199 37 5.865881 38 5.875631 39 5.884183 40 5.890563 41 5.902418 42 5.906122 43 5.909284 44 5.911792 45 5.913964 46 5.917466 47 5.918686 48 5.919707 49 5.920548 50 5.921249 51 5.922407 52 5.922801 53 5.92313 54 5.923408 55 5.923642 56 5.923844 57 5.924002 58 5.924133 59 5.90977 60 5.89688 61 5.885662 62 5.875916 63 5.858443 64 5.852585 65 5.847509 66 5.843393 67 5.839842 68 5.836884 69 5.834306 70 5.832177 71 5.830426 72 5.828975 73 5.827728;
connectAttr "EyeContact_rotateZ.o" "EyeContact.rz";
createNode animCurveTU -n "EyeContact_scaleZ";
	setAttr ".tan" 18;
	setAttr ".wgt" no;
	setAttr -s 74 ".ktv[0:73]"  0 50 1 50 2 50 3 50 4 50 5 50 6 50 7 50 8 50 9 50 10 50 11 50 12 50 13 50 14 50 15 50 16 50 17 50 18 50 19 50 20 50 21 50 22 50 23 50 24 50 25 50 26 50 27 50 28 50 29 50 30 50 31 50 32 50 33 50 34 50 35 50 36 50 37 50 38 50 39 50 40 50 41 50 42 50 43 50 44 50 45 50 46 50 47 50 48 50 49 50 50 50 51 50 52 50 53 50 54 50 55 50 56 50 57 50 58 50 59 50 60 50 61 50 62 50 63 50 64 50 65 50 66 50 67 50 68 50 69 50 70 50 71 50 72 50 73 50;
connectAttr "EyeContact_scaleZ.o" "EyeContact.sz";
createNode animCurveTL -n "EyeContact_translateX";
	setAttr ".tan" 18;
	setAttr ".wgt" no;
	setAttr -s 74 ".ktv[0:73]"  0 0 1 0 2 0 3 0 4 0 5 0 6 0 7 0 8 0 9 0 10 0 11 0 12 0 13 0 14 0 15 0 16 0 17 0 18 0 19 0 20 0 21 0 22 0 23 0 24 0 25 0 26 0 27 0 28 0 29 0 30 0 31 0 32 0 33 0 34 0 35 0 36 0 37 0 38 0 39 0 40 0 41 0 42 0 43 0 44 0 45 0 46 0 47 0 48 0 49 0 50 0 51 0 52 0 53 0 54 0 55 0 56 0 57 0 58 0 59 0 60 0 61 0 62 0 63 0 64 0 65 0 66 0 67 0 68 0 69 0 70 0 71 0 72 0 73 0;
connectAttr "EyeContact_translateX.o" "EyeContact.tx";
createNode animCurveTA -n "EyeContact_rotateX";
	setAttr ".tan" 18;
	setAttr ".wgt" no;
	setAttr -s 74 ".ktv[0:73]"  0 21.79072 1 21.92814 2 21.96421 3 21.99517 4 22.0207 5 22.04033 6 22.07922 7 21.98758 8 21.92625 9 21.87692 10 21.83401 11 21.79717 12 21.217 13 20.99388 14 20.81924 15 20.66642 16 20.54272 17 20.43774 18 20.35013 19 20.21424 20 20.16093 21 19.61968 22 19.13685 23 18.65975 24 18.26518 25 17.92091 26 17.63183 27 17.41781 28 17.22256 29 17.05771 30 16.9306 31 16.70415 32 16.63133 33 16.56882 34 16.51984 35 16.47736 36 16.40801 37 16.38424 38 16.36441 39 16.34703 40 16.33406 41 16.30997 42 16.30245 43 16.29603 44 16.29093 45 16.28652 46 16.27941 47 16.27693 48 16.27485 49 16.27315 50 16.27172 51 16.26937 52 16.26858 53 16.26791 54 16.26734 55 16.26687 56 16.26646 57 16.26614 58 16.26587 59 15.54147 60 14.9322 61 14.42822 62 14.00773 63 13.28876 64 13.05669 65 12.85891 66 12.7007 67 12.56567 68 12.45427 69 12.35787 70 12.27879 71 12.21413 72 12.16076 73 12.115;
connectAttr "EyeContact_rotateX.o" "EyeContact.rx";
createNode animCurveTU -n "EyeContact_scaleX";
	setAttr ".tan" 18;
	setAttr ".wgt" no;
	setAttr -s 74 ".ktv[0:73]"  0 50 1 50 2 50 3 50 4 50 5 50 6 50 7 50 8 50 9 50 10 50 11 50 12 50 13 50 14 50 15 50 16 50 17 50 18 50 19 50 20 50 21 50 22 50 23 50 24 50 25 50 26 50 27 50 28 50 29 50 30 50 31 50 32 50 33 50 34 50 35 50 36 50 37 50 38 50 39 50 40 50 41 50 42 50 43 50 44 50 45 50 46 50 47 50 48 50 49 50 50 50 51 50 52 50 53 50 54 50 55 50 56 50 57 50 58 50 59 50 60 50 61 50 62 50 63 50 64 50 65 50 66 50 67 50 68 50 69 50 70 50 71 50 72 50 73 50;
connectAttr "EyeContact_scaleX.o" "EyeContact.sx";
createNode animCurveTL -n "EyeContact_translateY";
	setAttr ".tan" 18;
	setAttr ".wgt" no;
	setAttr -s 74 ".ktv[0:73]"  0 0.35 1 0.35 2 0.35 3 0.35 4 0.35 5 0.35 6 0.35 7 0.35 8 0.35 9 0.35 10 0.35 11 0.35 12 0.35 13 0.35 14 0.35 15 0.35 16 0.35 17 0.35 18 0.35 19 0.35 20 0.35 21 0.35 22 0.35 23 0.35 24 0.35 25 0.35 26 0.35 27 0.35 28 0.35 29 0.35 30 0.35 31 0.35 32 0.35 33 0.35 34 0.35 35 0.35 36 0.35 37 0.35 38 0.35 39 0.35 40 0.35 41 0.35 42 0.35 43 0.35 44 0.35 45 0.35 46 0.35 47 0.35 48 0.35 49 0.35 50 0.35 51 0.35 52 0.35 53 0.35 54 0.35 55 0.35 56 0.35 57 0.35 58 0.35 59 0.35 60 0.35 61 0.35 62 0.35 63 0.35 64 0.35 65 0.35 66 0.35 67 0.35 68 0.35 69 0.35 70 0.35 71 0.35 72 0.35 73 0.35;
connectAttr "EyeContact_translateY.o" "EyeContact.ty";
createNode animCurveTA -n "EyeContact_rotateY";
	setAttr ".tan" 18;
	setAttr ".wgt" no;
	setAttr -s 74 ".ktv[0:73]"  0 23.25279 1 23.18883 2 23.17207 3 23.15768 4 23.14583 5 23.13671 6 23.11867 7 22.49634 8 22.08573 9 21.75876 10 21.47666 11 21.23615 12 21.53065 13 21.64453 14 21.73389 15 21.81226 16 21.87582 17 21.92982 18 21.97496 19 22.04507 20 22.07261 21 21.76996 22 21.50203 23 21.24974 24 21.04253 25 20.86279 26 20.71265 27 20.60195 28 20.50129 29 20.41657 30 20.3514 31 20.23565 32 20.19852 33 20.16669 34 20.14177 35 20.12017 36 20.08495 37 20.07288 38 20.06282 39 20.05401 40 20.04744 41 20.03523 42 20.03141 43 20.02816 44 20.02558 45 20.02334 46 20.01974 47 20.01849 48 20.01744 49 20.01657 50 20.01585 51 20.01466 52 20.01426 53 20.01392 54 20.01363 55 20.01339 56 20.01319 57 20.01302 58 20.01289 59 20.09055 60 20.15571 61 20.20948 62 20.25426 63 20.33063 64 20.35522 65 20.37616 66 20.3929 67 20.40718 68 20.41895 69 20.42913 70 20.43748 71 20.4443 72 20.44993 73 20.45476;
connectAttr "EyeContact_rotateY.o" "EyeContact.ry";
createNode animCurveTU -n "EyeContact_scaleY";
	setAttr ".tan" 18;
	setAttr ".wgt" no;
	setAttr -s 74 ".ktv[0:73]"  0 50 1 50 2 50 3 50 4 50 5 50 6 50 7 50 8 50 9 50 10 50 11 50 12 50 13 50 14 50 15 50 16 50 17 50 18 50 19 50 20 50 21 50 22 50 23 50 24 50 25 50 26 50 27 50 28 50 29 50 30 50 31 50 32 50 33 50 34 50 35 50 36 50 37 50 38 50 39 50 40 50 41 50 42 50 43 50 44 50 45 50 46 50 47 50 48 50 49 50 50 50 51 50 52 50 53 50 54 50 55 50 56 50 57 50 58 50 59 50 60 50 61 50 62 50 63 50 64 50 65 50 66 50 67 50 68 50 69 50 70 50 71 50 72 50 73 50;
connectAttr "EyeContact_scaleY.o" "EyeContact.sy";
createNode animCurveTL -n "EyeContact_translateZ";
	setAttr ".tan" 18;
	setAttr ".wgt" no;
	setAttr -s 74 ".ktv[0:73]"  0 0 1 0 2 0 3 0 4 0 5 0 6 0 7 0 8 0 9 0 10 0 11 0 12 0 13 0 14 0 15 0 16 0 17 0 18 0 19 0 20 0 21 0 22 0 23 0 24 0 25 0 26 0 27 0 28 0 29 0 30 0 31 0 32 0 33 0 34 0 35 0 36 0 37 0 38 0 39 0 40 0 41 0 42 0 43 0 44 0 45 0 46 0 47 0 48 0 49 0 50 0 51 0 52 0 53 0 54 0 55 0 56 0 57 0 58 0 59 0 60 0 61 0 62 0 63 0 64 0 65 0 66 0 67 0 68 0 69 0 70 0 71 0 72 0 73 0;
connectAttr "EyeContact_translateZ.o" "EyeContact.tz";
createNode animCurveTA -n "EyeContact_rotateZ";
	setAttr ".tan" 18;
	setAttr ".wgt" no;
	setAttr -s 74 ".ktv[0:73]"  0 3.013248 1 2.953014 2 2.937185 3 2.923588 4 2.912372 5 2.90374 6 2.886639 7 3.052813 8 3.162672 9 3.250285 10 3.325977 11 3.390586 12 3.628956 13 3.719917 14 3.790833 15 3.852687 16 3.902621 17 3.944896 18 3.98011 19 4.034605 20 4.055944 21 4.310888 22 4.540327 23 4.766 24 4.953956 25 5.118912 26 5.258109 27 5.361559 28 5.456239 29 5.536386 30 5.598326 31 5.708957 32 5.744615 33 5.775256 34 5.799282 35 5.820127 36 5.854199 37 5.865881 38 5.875631 39 5.884183 40 5.890563 41 5.902418 42 5.906122 43 5.909284 44 5.911792 45 5.913964 46 5.917466 47 5.918686 48 5.919707 49 5.920548 50 5.921249 51 5.922407 52 5.922801 53 5.92313 54 5.923408 55 5.923642 56 5.923844 57 5.924002 58 5.924133 59 5.90977 60 5.89688 61 5.885662 62 5.875916 63 5.858443 64 5.852585 65 5.847509 66 5.843393 67 5.839842 68 5.836884 69 5.834306 70 5.832177 71 5.830426 72 5.828975 73 5.827728;
connectAttr "EyeContact_rotateZ.o" "EyeContact.rz";
createNode animCurveTU -n "EyeContact_scaleZ";
	setAttr ".tan" 18;
	setAttr ".wgt" no;
	setAttr -s 74 ".ktv[0:73]"  0 50 1 50 2 50 3 50 4 50 5 50 6 50 7 50 8 50 9 50 10 50 11 50 12 50 13 50 14 50 15 50 16 50 17 50 18 50 19 50 20 50 21 50 22 50 23 50 24 50 25 50 26 50 27 50 28 50 29 50 30 50 31 50 32 50 33 50 34 50 35 50 36 50 37 50 38 50 39 50 40 50 41 50 42 50 43 50 44 50 45 50 46 50 47 50 48 50 49 50 50 50 51 50 52 50 53 50 54 50 55 50 56 50 57 50 58 50 59 50 60 50 61 50 62 50 63 50 64 50 65 50 66 50 67 50 68 50 69 50 70 50 71 50 72 50 73 50;
connectAttr "EyeContact_scaleZ.o" "EyeContact.sz";
createNode animCurveTL -n "EyeContact_translateX";
	setAttr ".tan" 18;
	setAttr ".wgt" no;
	setAttr -s 74 ".ktv[0:73]"  0 0 1 0 2 0 3 0 4 0 5 0 6 0 7 0 8 0 9 0 10 0 11 0 12 0 13 0 14 0 15 0 16 0 17 0 18 0 19 0 20 0 21 0 22 0 23 0 24 0 25 0 26 0 27 0 28 0 29 0 30 0 31 0 32 0 33 0 34 0 35 0 36 0 37 0 38 0 39 0 40 0 41 0 42 0 43 0 44 0 45 0 46 0 47 0 48 0 49 0 50 0 51 0 52 0 53 0 54 0 55 0 56 0 57 0 58 0 59 0 60 0 61 0 62 0 63 0 64 0 65 0 66 0 67 0 68 0 69 0 70 0 71 0 72 0 73 0;
connectAttr "EyeContact_translateX.o" "EyeContact.tx";
createNode animCurveTA -n "EyeContact_rotateX";
	setAttr ".tan" 18;
	setAttr ".wgt" no;
	setAttr -s 74 ".ktv[0:73]"  0 21.79072 1 21.92814 2 21.96421 3 21.99517 4 22.0207 5 22.04033 6 22.07922 7 21.98758 8 21.92625 9 21.87692 10 21.83401 11 21.79717 12 21.217 13 20.99388 14 20.81924 15 20.66642 16 20.54272 17 20.43774 18 20.35013 19 20.21424 20 20.16093 21 19.61968 22 19.13685 23 18.65975 24 18.26518 25 17.92091 26 17.63183 27 17.41781 28 17.22256 29 17.05771 30 16.9306 31 16.70415 32 16.63133 33 16.56882 34 16.51984 35 16.47736 36 16.40801 37 16.38424 38 16.36441 39 16.34703 40 16.33406 41 16.30997 42 16.30245 43 16.29603 44 16.29093 45 16.28652 46 16.27941 47 16.27693 48 16.27485 49 16.27315 50 16.27172 51 16.26937 52 16.26858 53 16.26791 54 16.26734 55 16.26687 56 16.26646 57 16.26614 58 16.26587 59 15.54147 60 14.9322 61 14.42822 62 14.00773 63 13.28876 64 13.05669 65 12.85891 66 12.7007 67 12.56567 68 12.45427 69 12.35787 70 12.27879 71 12.21413 72 12.16076 73 12.115;
connectAttr "EyeContact_rotateX.o" "EyeContact.rx";
createNode animCurveTU -n "EyeContact_scaleX";
	setAttr ".tan" 18;
	setAttr ".wgt" no;
	setAttr -s 74 ".ktv[0:73]"  0 50 1 50 2 50 3 50 4 50 5 50 6 50 7 50 8 50 9 50 10 50 11 50 12 50 13 50 14 50 15 50 16 50 17 50 18 50 19 50 20 50 21 50 22 50 23 50 24 50 25 50 26 50 27 50 28 50 29 50 30 50 31 50 32 50 33 50 34 50 35 50 36 50 37 50 38 50 39 50 40 50 41 50 42 50 43 50 44 50 45 50 46 50 47 50 48 50 49 50 50 50 51 50 52 50 53 50 54 50 55 50 56 50 57 50 58 50 59 50 60 50 61 50 62 50 63 50 64 50 65 50 66 50 67 50 68 50 69 50 70 50 71 50 72 50 73 50;
connectAttr "EyeContact_scaleX.o" "EyeContact.sx";
createNode animCurveTL -n "EyeContact_translateY";
	setAttr ".tan" 18;
	setAttr ".wgt" no;
	setAttr -s 74 ".ktv[0:73]"  0 0.35 1 0.35 2 0.35 3 0.35 4 0.35 5 0.35 6 0.35 7 0.35 8 0.35 9 0.35 10 0.35 11 0.35 12 0.35 13 0.35 14 0.35 15 0.35 16 0.35 17 0.35 18 0.35 19 0.35 20 0.35 21 0.35 22 0.35 23 0.35 24 0.35 25 0.35 26 0.35 27 0.35 28 0.35 29 0.35 30 0.35 31 0.35 32 0.35 33 0.35 34 0.35 35 0.35 36 0.35 37 0.35 38 0.35 39 0.35 40 0.35 41 0.35 42 0.35 43 0.35 44 0.35 45 0.35 46 0.35 47 0.35 48 0.35 49 0.35 50 0.35 51 0.35 52 0.35 53 0.35 54 0.35 55 0.35 56 0.35 57 0.35 58 0.35 59 0.35 60 0.35 61 0.35 62 0.35 63 0.35 64 0.35 65 0.35 66 0.35 67 0.35 68 0.35 69 0.35 70 0.35 71 0.35 72 0.35 73 0.35;
connectAttr "EyeContact_translateY.o" "EyeContact.ty";
createNode animCurveTA -n "EyeContact_rotateY";
	setAttr ".tan" 18;
	setAttr ".wgt" no;
	setAttr -s 74 ".ktv[0:73]"  0 23.25279 1 23.18883 2 23.17207 3 23.15768 4 23.14583 5 23.13671 6 23.11867 7 22.49634 8 22.08573 9 21.75876 10 21.47666 11 21.23615 12 21.53065 13 21.64453 14 21.73389 15 21.81226 16 21.87582 17 21.92982 18 21.97496 19 22.04507 20 22.07261 21 21.76996 22 21.50203 23 21.24974 24 21.04253 25 20.86279 26 20.71265 27 20.60195 28 20.50129 29 20.41657 30 20.3514 31 20.23565 32 20.19852 33 20.16669 34 20.14177 35 20.12017 36 20.08495 37 20.07288 38 20.06282 39 20.05401 40 20.04744 41 20.03523 42 20.03141 43 20.02816 44 20.02558 45 20.02334 46 20.01974 47 20.01849 48 20.01744 49 20.01657 50 20.01585 51 20.01466 52 20.01426 53 20.01392 54 20.01363 55 20.01339 56 20.01319 57 20.01302 58 20.01289 59 20.09055 60 20.15571 61 20.20948 62 20.25426 63 20.33063 64 20.35522 65 20.37616 66 20.3929 67 20.40718 68 20.41895 69 20.42913 70 20.43748 71 20.4443 72 20.44993 73 20.45476;
connectAttr "EyeContact_rotateY.o" "EyeContact.ry";
createNode animCurveTU -n "EyeContact_scaleY";
	setAttr ".tan" 18;
	setAttr ".wgt" no;
	setAttr -s 74 ".ktv[0:73]"  0 50 1 50 2 50 3 50 4 50 5 50 6 50 7 50 8 50 9 50 10 50 11 50 12 50 13 50 14 50 15 50 16 50 17 50 18 50 19 50 20 50 21 50 22 50 23 50 24 50 25 50 26 50 27 50 28 50 29 50 30 50 31 50 32 50 33 50 34 50 35 50 36 50 37 50 38 50 39 50 40 50 41 50 42 50 43 50 44 50 45 50 46 50 47 50 48 50 49 50 50 50 51 50 52 50 53 50 54 50 55 50 56 50 57 50 58 50 59 50 60 50 61 50 62 50 63 50 64 50 65 50 66 50 67 50 68 50 69 50 70 50 71 50 72 50 73 50;
connectAttr "EyeContact_scaleY.o" "EyeContact.sy";
createNode animCurveTL -n "EyeContact_translateZ";
	setAttr ".tan" 18;
	setAttr ".wgt" no;
	setAttr -s 74 ".ktv[0:73]"  0 0 1 0 2 0 3 0 4 0 5 0 6 0 7 0 8 0 9 0 10 0 11 0 12 0 13 0 14 0 15 0 16 0 17 0 18 0 19 0 20 0 21 0 22 0 23 0 24 0 25 0 26 0 27 0 28 0 29 0 30 0 31 0 32 0 33 0 34 0 35 0 36 0 37 0 38 0 39 0 40 0 41 0 42 0 43 0 44 0 45 0 46 0 47 0 48 0 49 0 50 0 51 0 52 0 53 0 54 0 55 0 56 0 57 0 58 0 59 0 60 0 61 0 62 0 63 0 64 0 65 0 66 0 67 0 68 0 69 0 70 0 71 0 72 0 73 0;
connectAttr "EyeContact_translateZ.o" "EyeContact.tz";
createNode animCurveTA -n "EyeContact_rotateZ";
	setAttr ".tan" 18;
	setAttr ".wgt" no;
	setAttr -s 74 ".ktv[0:73]"  0 3.013248 1 2.953014 2 2.937185 3 2.923588 4 2.912372 5 2.90374 6 2.886639 7 3.052813 8 3.162672 9 3.250285 10 3.325977 11 3.390586 12 3.628956 13 3.719917 14 3.790833 15 3.852687 16 3.902621 17 3.944896 18 3.98011 19 4.034605 20 4.055944 21 4.310888 22 4.540327 23 4.766 24 4.953956 25 5.118912 26 5.258109 27 5.361559 28 5.456239 29 5.536386 30 5.598326 31 5.708957 32 5.744615 33 5.775256 34 5.799282 35 5.820127 36 5.854199 37 5.865881 38 5.875631 39 5.884183 40 5.890563 41 5.902418 42 5.906122 43 5.909284 44 5.911792 45 5.913964 46 5.917466 47 5.918686 48 5.919707 49 5.920548 50 5.921249 51 5.922407 52 5.922801 53 5.92313 54 5.923408 55 5.923642 56 5.923844 57 5.924002 58 5.924133 59 5.90977 60 5.89688 61 5.885662 62 5.875916 63 5.858443 64 5.852585 65 5.847509 66 5.843393 67 5.839842 68 5.836884 69 5.834306 70 5.832177 71 5.830426 72 5.828975 73 5.827728;
connectAttr "EyeContact_rotateZ.o" "EyeContact.rz";
createNode animCurveTU -n "EyeContact_scaleZ";
	setAttr ".tan" 18;
	setAttr ".wgt" no;
	setAttr -s 74 ".ktv[0:73]"  0 50 1 50 2 50 3 50 4 50 5 50 6 50 7 50 8 50 9 50 10 50 11 50 12 50 13 50 14 50 15 50 16 50 17 50 18 50 19 50 20 50 21 50 22 50 23 50 24 50 25 50 26 50 27 50 28 50 29 50 30 50 31 50 32 50 33 50 34 50 35 50 36 50 37 50 38 50 39 50 40 50 41 50 42 50 43 50 44 50 45 50 46 50 47 50 48 50 49 50 50 50 51 50 52 50 53 50 54 50 55 50 56 50 57 50 58 50 59 50 60 50 61 50 62 50 63 50 64 50 65 50 66 50 67 50 68 50 69 50 70 50 71 50 72 50 73 50;
connectAttr "EyeContact_scaleZ.o" "EyeContact.sz";
createNode animCurveTL -n "EyeContact_translateX";
	setAttr ".tan" 18;
	setAttr ".wgt" no;
	setAttr -s 74 ".ktv[0:73]"  0 0 1 0 2 0 3 0 4 0 5 0 6 0 7 0 8 0 9 0 10 0 11 0 12 0 13 0 14 0 15 0 16 0 17 0 18 0 19 0 20 0 21 0 22 0 23 0 24 0 25 0 26 0 27 0 28 0 29 0 30 0 31 0 32 0 33 0 34 0 35 0 36 0 37 0 38 0 39 0 40 0 41 0 42 0 43 0 44 0 45 0 46 0 47 0 48 0 49 0 50 0 51 0 52 0 53 0 54 0 55 0 56 0 57 0 58 0 59 0 60 0 61 0 62 0 63 0 64 0 65 0 66 0 67 0 68 0 69 0 70 0 71 0 72 0 73 0;
connectAttr "EyeContact_translateX.o" "EyeContact.tx";
createNode animCurveTA -n "EyeContact_rotateX";
	setAttr ".tan" 18;
	setAttr ".wgt" no;
	setAttr -s 74 ".ktv[0:73]"  0 21.79072 1 21.92814 2 21.96421 3 21.99517 4 22.0207 5 22.04033 6 22.07922 7 21.98758 8 21.92625 9 21.87692 10 21.83401 11 21.79717 12 21.217 13 20.99388 14 20.81924 15 20.66642 16 20.54272 17 20.43774 18 20.35013 19 20.21424 20 20.16093 21 19.61968 22 19.13685 23 18.65975 24 18.26518 25 17.92091 26 17.63183 27 17.41781 28 17.22256 29 17.05771 30 16.9306 31 16.70415 32 16.63133 33 16.56882 34 16.51984 35 16.47736 36 16.40801 37 16.38424 38 16.36441 39 16.34703 40 16.33406 41 16.30997 42 16.30245 43 16.29603 44 16.29093 45 16.28652 46 16.27941 47 16.27693 48 16.27485 49 16.27315 50 16.27172 51 16.26937 52 16.26858 53 16.26791 54 16.26734 55 16.26687 56 16.26646 57 16.26614 58 16.26587 59 15.54147 60 14.9322 61 14.42822 62 14.00773 63 13.28876 64 13.05669 65 12.85891 66 12.7007 67 12.56567 68 12.45427 69 12.35787 70 12.27879 71 12.21413 72 12.16076 73 12.115;
connectAttr "EyeContact_rotateX.o" "EyeContact.rx";
createNode animCurveTU -n "EyeContact_scaleX";
	setAttr ".tan" 18;
	setAttr ".wgt" no;
	setAttr -s 74 ".ktv[0:73]"  0 50 1 50 2 50 3 50 4 50 5 50 6 50 7 50 8 50 9 50 10 50 11 50 12 50 13 50 14 50 15 50 16 50 17 50 18 50 19 50 20 50 21 50 22 50 23 50 24 50 25 50 26 50 27 50 28 50 29 50 30 50 31 50 32 50 33 50 34 50 35 50 36 50 37 50 38 50 39 50 40 50 41 50 42 50 43 50 44 50 45 50 46 50 47 50 48 50 49 50 50 50 51 50 52 50 53 50 54 50 55 50 56 50 57 50 58 50 59 50 60 50 61 50 62 50 63 50 64 50 65 50 66 50 67 50 68 50 69 50 70 50 71 50 72 50 73 50;
connectAttr "EyeContact_scaleX.o" "EyeContact.sx";
createNode animCurveTL -n "EyeContact_translateY";
	setAttr ".tan" 18;
	setAttr ".wgt" no;
	setAttr -s 74 ".ktv[0:73]"  0 0.35 1 0.35 2 0.35 3 0.35 4 0.35 5 0.35 6 0.35 7 0.35 8 0.35 9 0.35 10 0.35 11 0.35 12 0.35 13 0.35 14 0.35 15 0.35 16 0.35 17 0.35 18 0.35 19 0.35 20 0.35 21 0.35 22 0.35 23 0.35 24 0.35 25 0.35 26 0.35 27 0.35 28 0.35 29 0.35 30 0.35 31 0.35 32 0.35 33 0.35 34 0.35 35 0.35 36 0.35 37 0.35 38 0.35 39 0.35 40 0.35 41 0.35 42 0.35 43 0.35 44 0.35 45 0.35 46 0.35 47 0.35 48 0.35 49 0.35 50 0.35 51 0.35 52 0.35 53 0.35 54 0.35 55 0.35 56 0.35 57 0.35 58 0.35 59 0.35 60 0.35 61 0.35 62 0.35 63 0.35 64 0.35 65 0.35 66 0.35 67 0.35 68 0.35 69 0.35 70 0.35 71 0.35 72 0.35 73 0.35;
connectAttr "EyeContact_translateY.o" "EyeContact.ty";
createNode animCurveTA -n "EyeContact_rotateY";
	setAttr ".tan" 18;
	setAttr ".wgt" no;
	setAttr -s 74 ".ktv[0:73]"  0 23.25279 1 23.18883 2 23.17207 3 23.15768 4 23.14583 5 23.13671 6 23.11867 7 22.49634 8 22.08573 9 21.75876 10 21.47666 11 21.23615 12 21.53065 13 21.64453 14 21.73389 15 21.81226 16 21.87582 17 21.92982 18 21.97496 19 22.04507 20 22.07261 21 21.76996 22 21.50203 23 21.24974 24 21.04253 25 20.86279 26 20.71265 27 20.60195 28 20.50129 29 20.41657 30 20.3514 31 20.23565 32 20.19852 33 20.16669 34 20.14177 35 20.12017 36 20.08495 37 20.07288 38 20.06282 39 20.05401 40 20.04744 41 20.03523 42 20.03141 43 20.02816 44 20.02558 45 20.02334 46 20.01974 47 20.01849 48 20.01744 49 20.01657 50 20.01585 51 20.01466 52 20.01426 53 20.01392 54 20.01363 55 20.01339 56 20.01319 57 20.01302 58 20.01289 59 20.09055 60 20.15571 61 20.20948 62 20.25426 63 20.33063 64 20.35522 65 20.37616 66 20.3929 67 20.40718 68 20.41895 69 20.42913 70 20.43748 71 20.4443 72 20.44993 73 20.45476;
connectAttr "EyeContact_rotateY.o" "EyeContact.ry";
createNode animCurveTU -n "EyeContact_scaleY";
	setAttr ".tan" 18;
	setAttr ".wgt" no;
	setAttr -s 74 ".ktv[0:73]"  0 50 1 50 2 50 3 50 4 50 5 50 6 50 7 50 8 50 9 50 10 50 11 50 12 50 13 50 14 50 15 50 16 50 17 50 18 50 19 50 20 50 21 50 22 50 23 50 24 50 25 50 26 50 27 50 28 50 29 50 30 50 31 50 32 50 33 50 34 50 35 50 36 50 37 50 38 50 39 50 40 50 41 50 42 50 43 50 44 50 45 50 46 50 47 50 48 50 49 50 50 50 51 50 52 50 53 50 54 50 55 50 56 50 57 50 58 50 59 50 60 50 61 50 62 50 63 50 64 50 65 50 66 50 67 50 68 50 69 50 70 50 71 50 72 50 73 50;
connectAttr "EyeContact_scaleY.o" "EyeContact.sy";
createNode animCurveTL -n "EyeContact_translateZ";
	setAttr ".tan" 18;
	setAttr ".wgt" no;
	setAttr -s 74 ".ktv[0:73]"  0 0 1 0 2 0 3 0 4 0 5 0 6 0 7 0 8 0 9 0 10 0 11 0 12 0 13 0 14 0 15 0 16 0 17 0 18 0 19 0 20 0 21 0 22 0 23 0 24 0 25 0 26 0 27 0 28 0 29 0 30 0 31 0 32 0 33 0 34 0 35 0 36 0 37 0 38 0 39 0 40 0 41 0 42 0 43 0 44 0 45 0 46 0 47 0 48 0 49 0 50 0 51 0 52 0 53 0 54 0 55 0 56 0 57 0 58 0 59 0 60 0 61 0 62 0 63 0 64 0 65 0 66 0 67 0 68 0 69 0 70 0 71 0 72 0 73 0;
connectAttr "EyeContact_translateZ.o" "EyeContact.tz";
createNode animCurveTA -n "EyeContact_rotateZ";
	setAttr ".tan" 18;
	setAttr ".wgt" no;
	setAttr -s 74 ".ktv[0:73]"  0 3.013248 1 2.953014 2 2.937185 3 2.923588 4 2.912372 5 2.90374 6 2.886639 7 3.052813 8 3.162672 9 3.250285 10 3.325977 11 3.390586 12 3.628956 13 3.719917 14 3.790833 15 3.852687 16 3.902621 17 3.944896 18 3.98011 19 4.034605 20 4.055944 21 4.310888 22 4.540327 23 4.766 24 4.953956 25 5.118912 26 5.258109 27 5.361559 28 5.456239 29 5.536386 30 5.598326 31 5.708957 32 5.744615 33 5.775256 34 5.799282 35 5.820127 36 5.854199 37 5.865881 38 5.875631 39 5.884183 40 5.890563 41 5.902418 42 5.906122 43 5.909284 44 5.911792 45 5.913964 46 5.917466 47 5.918686 48 5.919707 49 5.920548 50 5.921249 51 5.922407 52 5.922801 53 5.92313 54 5.923408 55 5.923642 56 5.923844 57 5.924002 58 5.924133 59 5.90977 60 5.89688 61 5.885662 62 5.875916 63 5.858443 64 5.852585 65 5.847509 66 5.843393 67 5.839842 68 5.836884 69 5.834306 70 5.832177 71 5.830426 72 5.828975 73 5.827728;
connectAttr "EyeContact_rotateZ.o" "EyeContact.rz";
createNode animCurveTU -n "EyeContact_scaleZ";
	setAttr ".tan" 18;
	setAttr ".wgt" no;
	setAttr -s 74 ".ktv[0:73]"  0 50 1 50 2 50 3 50 4 50 5 50 6 50 7 50 8 50 9 50 10 50 11 50 12 50 13 50 14 50 15 50 16 50 17 50 18 50 19 50 20 50 21 50 22 50 23 50 24 50 25 50 26 50 27 50 28 50 29 50 30 50 31 50 32 50 33 50 34 50 35 50 36 50 37 50 38 50 39 50 40 50 41 50 42 50 43 50 44 50 45 50 46 50 47 50 48 50 49 50 50 50 51 50 52 50 53 50 54 50 55 50 56 50 57 50 58 50 59 50 60 50 61 50 62 50 63 50 64 50 65 50 66 50 67 50 68 50 69 50 70 50 71 50 72 50 73 50;
connectAttr "EyeContact_scaleZ.o" "EyeContact.sz";
createNode animCurveTL -n "EyeContact_translateX";
	setAttr ".tan" 18;
	setAttr ".wgt" no;
	setAttr -s 74 ".ktv[0:73]"  0 0 1 0 2 0 3 0 4 0 5 0 6 0 7 0 8 0 9 0 10 0 11 0 12 0 13 0 14 0 15 0 16 0 17 0 18 0 19 0 20 0 21 0 22 0 23 0 24 0 25 0 26 0 27 0 28 0 29 0 30 0 31 0 32 0 33 0 34 0 35 0 36 0 37 0 38 0 39 0 40 0 41 0 42 0 43 0 44 0 45 0 46 0 47 0 48 0 49 0 50 0 51 0 52 0 53 0 54 0 55 0 56 0 57 0 58 0 59 0 60 0 61 0 62 0 63 0 64 0 65 0 66 0 67 0 68 0 69 0 70 0 71 0 72 0 73 0;
connectAttr "EyeContact_translateX.o" "EyeContact.tx";
createNode animCurveTA -n "EyeContact_rotateX";
	setAttr ".tan" 18;
	setAttr ".wgt" no;
	setAttr -s 74 ".ktv[0:73]"  0 21.79072 1 21.92814 2 21.96421 3 21.99517 4 22.0207 5 22.04033 6 22.07922 7 21.98758 8 21.92625 9 21.87692 10 21.83401 11 21.79717 12 21.217 13 20.99388 14 20.81924 15 20.66642 16 20.54272 17 20.43774 18 20.35013 19 20.21424 20 20.16093 21 19.61968 22 19.13685 23 18.65975 24 18.26518 25 17.92091 26 17.63183 27 17.41781 28 17.22256 29 17.05771 30 16.9306 31 16.70415 32 16.63133 33 16.56882 34 16.51984 35 16.47736 36 16.40801 37 16.38424 38 16.36441 39 16.34703 40 16.33406 41 16.30997 42 16.30245 43 16.29603 44 16.29093 45 16.28652 46 16.27941 47 16.27693 48 16.27485 49 16.27315 50 16.27172 51 16.26937 52 16.26858 53 16.26791 54 16.26734 55 16.26687 56 16.26646 57 16.26614 58 16.26587 59 15.54147 60 14.9322 61 14.42822 62 14.00773 63 13.28876 64 13.05669 65 12.85891 66 12.7007 67 12.56567 68 12.45427 69 12.35787 70 12.27879 71 12.21413 72 12.16076 73 12.115;
connectAttr "EyeContact_rotateX.o" "EyeContact.rx";
createNode animCurveTU -n "EyeContact_scaleX";
	setAttr ".tan" 18;
	setAttr ".wgt" no;
	setAttr -s 74 ".ktv[0:73]"  0 50 1 50 2 50 3 50 4 50 5 50 6 50 7 50 8 50 9 50 10 50 11 50 12 50 13 50 14 50 15 50 16 50 17 50 18 50 19 50 20 50 21 50 22 50 23 50 24 50 25 50 26 50 27 50 28 50 29 50 30 50 31 50 32 50 33 50 34 50 35 50 36 50 37 50 38 50 39 50 40 50 41 50 42 50 43 50 44 50 45 50 46 50 47 50 48 50 49 50 50 50 51 50 52 50 53 50 54 50 55 50 56 50 57 50 58 50 59 50 60 50 61 50 62 50 63 50 64 50 65 50 66 50 67 50 68 50 69 50 70 50 71 50 72 50 73 50;
connectAttr "EyeContact_scaleX.o" "EyeContact.sx";
createNode animCurveTL -n "EyeContact_translateY";
	setAttr ".tan" 18;
	setAttr ".wgt" no;
	setAttr -s 74 ".ktv[0:73]"  0 0.35 1 0.35 2 0.35 3 0.35 4 0.35 5 0.35 6 0.35 7 0.35 8 0.35 9 0.35 10 0.35 11 0.35 12 0.35 13 0.35 14 0.35 15 0.35 16 0.35 17 0.35 18 0.35 19 0.35 20 0.35 21 0.35 22 0.35 23 0.35 24 0.35 25 0.35 26 0.35 27 0.35 28 0.35 29 0.35 30 0.35 31 0.35 32 0.35 33 0.35 34 0.35 35 0.35 36 0.35 37 0.35 38 0.35 39 0.35 40 0.35 41 0.35 42 0.35 43 0.35 44 0.35 45 0.35 46 0.35 47 0.35 48 0.35 49 0.35 50 0.35 51 0.35 52 0.35 53 0.35 54 0.35 55 0.35 56 0.35 57 0.35 58 0.35 59 0.35 60 0.35 61 0.35 62 0.35 63 0.35 64 0.35 65 0.35 66 0.35 67 0.35 68 0.35 69 0.35 70 0.35 71 0.35 72 0.35 73 0.35;
connectAttr "EyeContact_translateY.o" "EyeContact.ty";
createNode animCurveTA -n "EyeContact_rotateY";
	setAttr ".tan" 18;
	setAttr ".wgt" no;
	setAttr -s 74 ".ktv[0:73]"  0 23.25279 1 23.18883 2 23.17207 3 23.15768 4 23.14583 5 23.13671 6 23.11867 7 22.49634 8 22.08573 9 21.75876 10 21.47666 11 21.23615 12 21.53065 13 21.64453 14 21.73389 15 21.81226 16 21.87582 17 21.92982 18 21.97496 19 22.04507 20 22.07261 21 21.76996 22 21.50203 23 21.24974 24 21.04253 25 20.86279 26 20.71265 27 20.60195 28 20.50129 29 20.41657 30 20.3514 31 20.23565 32 20.19852 33 20.16669 34 20.14177 35 20.12017 36 20.08495 37 20.07288 38 20.06282 39 20.05401 40 20.04744 41 20.03523 42 20.03141 43 20.02816 44 20.02558 45 20.02334 46 20.01974 47 20.01849 48 20.01744 49 20.01657 50 20.01585 51 20.01466 52 20.01426 53 20.01392 54 20.01363 55 20.01339 56 20.01319 57 20.01302 58 20.01289 59 20.09055 60 20.15571 61 20.20948 62 20.25426 63 20.33063 64 20.35522 65 20.37616 66 20.3929 67 20.40718 68 20.41895 69 20.42913 70 20.43748 71 20.4443 72 20.44993 73 20.45476;
connectAttr "EyeContact_rotateY.o" "EyeContact.ry";
createNode animCurveTU -n "EyeContact_scaleY";
	setAttr ".tan" 18;
	setAttr ".wgt" no;
	setAttr -s 74 ".ktv[0:73]"  0 50 1 50 2 50 3 50 4 50 5 50 6 50 7 50 8 50 9 50 10 50 11 50 12 50 13 50 14 50 15 50 16 50 17 50 18 50 19 50 20 50 21 50 22 50 23 50 24 50 25 50 26 50 27 50 28 50 29 50 30 50 31 50 32 50 33 50 34 50 35 50 36 50 37 50 38 50 39 50 40 50 41 50 42 50 43 50 44 50 45 50 46 50 47 50 48 50 49 50 50 50 51 50 52 50 53 50 54 50 55 50 56 50 57 50 58 50 59 50 60 50 61 50 62 50 63 50 64 50 65 50 66 50 67 50 68 50 69 50 70 50 71 50 72 50 73 50;
connectAttr "EyeContact_scaleY.o" "EyeContact.sy";
createNode animCurveTL -n "EyeContact_translateZ";
	setAttr ".tan" 18;
	setAttr ".wgt" no;
	setAttr -s 74 ".ktv[0:73]"  0 0 1 0 2 0 3 0 4 0 5 0 6 0 7 0 8 0 9 0 10 0 11 0 12 0 13 0 14 0 15 0 16 0 17 0 18 0 19 0 20 0 21 0 22 0 23 0 24 0 25 0 26 0 27 0 28 0 29 0 30 0 31 0 32 0 33 0 34 0 35 0 36 0 37 0 38 0 39 0 40 0 41 0 42 0 43 0 44 0 45 0 46 0 47 0 48 0 49 0 50 0 51 0 52 0 53 0 54 0 55 0 56 0 57 0 58 0 59 0 60 0 61 0 62 0 63 0 64 0 65 0 66 0 67 0 68 0 69 0 70 0 71 0 72 0 73 0;
connectAttr "EyeContact_translateZ.o" "EyeContact.tz";
createNode animCurveTA -n "EyeContact_rotateZ";
	setAttr ".tan" 18;
	setAttr ".wgt" no;
	setAttr -s 74 ".ktv[0:73]"  0 3.013248 1 2.953014 2 2.937185 3 2.923588 4 2.912372 5 2.90374 6 2.886639 7 3.052813 8 3.162672 9 3.250285 10 3.325977 11 3.390586 12 3.628956 13 3.719917 14 3.790833 15 3.852687 16 3.902621 17 3.944896 18 3.98011 19 4.034605 20 4.055944 21 4.310888 22 4.540327 23 4.766 24 4.953956 25 5.118912 26 5.258109 27 5.361559 28 5.456239 29 5.536386 30 5.598326 31 5.708957 32 5.744615 33 5.775256 34 5.799282 35 5.820127 36 5.854199 37 5.865881 38 5.875631 39 5.884183 40 5.890563 41 5.902418 42 5.906122 43 5.909284 44 5.911792 45 5.913964 46 5.917466 47 5.918686 48 5.919707 49 5.920548 50 5.921249 51 5.922407 52 5.922801 53 5.92313 54 5.923408 55 5.923642 56 5.923844 57 5.924002 58 5.924133 59 5.90977 60 5.89688 61 5.885662 62 5.875916 63 5.858443 64 5.852585 65 5.847509 66 5.843393 67 5.839842 68 5.836884 69 5.834306 70 5.832177 71 5.830426 72 5.828975 73 5.827728;
connectAttr "EyeContact_rotateZ.o" "EyeContact.rz";
createNode animCurveTU -n "EyeContact_scaleZ";
	setAttr ".tan" 18;
	setAttr ".wgt" no;
	setAttr -s 74 ".ktv[0:73]"  0 50 1 50 2 50 3 50 4 50 5 50 6 50 7 50 8 50 9 50 10 50 11 50 12 50 13 50 14 50 15 50 16 50 17 50 18 50 19 50 20 50 21 50 22 50 23 50 24 50 25 50 26 50 27 50 28 50 29 50 30 50 31 50 32 50 33 50 34 50 35 50 36 50 37 50 38 50 39 50 40 50 41 50 42 50 43 50 44 50 45 50 46 50 47 50 48 50 49 50 50 50 51 50 52 50 53 50 54 50 55 50 56 50 57 50 58 50 59 50 60 50 61 50 62 50 63 50 64 50 65 50 66 50 67 50 68 50 69 50 70 50 71 50 72 50 73 50;
connectAttr "EyeContact_scaleZ.o" "EyeContact.sz";
createNode animCurveTL -n "EyeContact_translateX";
	setAttr ".tan" 18;
	setAttr ".wgt" no;
	setAttr -s 74 ".ktv[0:73]"  0 0 1 0 2 0 3 0 4 0 5 0 6 0 7 0 8 0 9 0 10 0 11 0 12 0 13 0 14 0 15 0 16 0 17 0 18 0 19 0 20 0 21 0 22 0 23 0 24 0 25 0 26 0 27 0 28 0 29 0 30 0 31 0 32 0 33 0 34 0 35 0 36 0 37 0 38 0 39 0 40 0 41 0 42 0 43 0 44 0 45 0 46 0 47 0 48 0 49 0 50 0 51 0 52 0 53 0 54 0 55 0 56 0 57 0 58 0 59 0 60 0 61 0 62 0 63 0 64 0 65 0 66 0 67 0 68 0 69 0 70 0 71 0 72 0 73 0;
connectAttr "EyeContact_translateX.o" "EyeContact.tx";
createNode animCurveTA -n "EyeContact_rotateX";
	setAttr ".tan" 18;
	setAttr ".wgt" no;
	setAttr -s 74 ".ktv[0:73]"  0 21.79072 1 21.92814 2 21.96421 3 21.99517 4 22.0207 5 22.04033 6 22.07922 7 21.98758 8 21.92625 9 21.87692 10 21.83401 11 21.79717 12 21.217 13 20.99388 14 20.81924 15 20.66642 16 20.54272 17 20.43774 18 20.35013 19 20.21424 20 20.16093 21 19.61968 22 19.13685 23 18.65975 24 18.26518 25 17.92091 26 17.63183 27 17.41781 28 17.22256 29 17.05771 30 16.9306 31 16.70415 32 16.63133 33 16.56882 34 16.51984 35 16.47736 36 16.40801 37 16.38424 38 16.36441 39 16.34703 40 16.33406 41 16.30997 42 16.30245 43 16.29603 44 16.29093 45 16.28652 46 16.27941 47 16.27693 48 16.27485 49 16.27315 50 16.27172 51 16.26937 52 16.26858 53 16.26791 54 16.26734 55 16.26687 56 16.26646 57 16.26614 58 16.26587 59 15.54147 60 14.9322 61 14.42822 62 14.00773 63 13.28876 64 13.05669 65 12.85891 66 12.7007 67 12.56567 68 12.45427 69 12.35787 70 12.27879 71 12.21413 72 12.16076 73 12.115;
connectAttr "EyeContact_rotateX.o" "EyeContact.rx";
createNode animCurveTU -n "EyeContact_scaleX";
	setAttr ".tan" 18;
	setAttr ".wgt" no;
	setAttr -s 74 ".ktv[0:73]"  0 50 1 50 2 50 3 50 4 50 5 50 6 50 7 50 8 50 9 50 10 50 11 50 12 50 13 50 14 50 15 50 16 50 17 50 18 50 19 50 20 50 21 50 22 50 23 50 24 50 25 50 26 50 27 50 28 50 29 50 30 50 31 50 32 50 33 50 34 50 35 50 36 50 37 50 38 50 39 50 40 50 41 50 42 50 43 50 44 50 45 50 46 50 47 50 48 50 49 50 50 50 51 50 52 50 53 50 54 50 55 50 56 50 57 50 58 50 59 50 60 50 61 50 62 50 63 50 64 50 65 50 66 50 67 50 68 50 69 50 70 50 71 50 72 50 73 50;
connectAttr "EyeContact_scaleX.o" "EyeContact.sx";
createNode animCurveTL -n "EyeContact_translateY";
	setAttr ".tan" 18;
	setAttr ".wgt" no;
	setAttr -s 74 ".ktv[0:73]"  0 0.35 1 0.35 2 0.35 3 0.35 4 0.35 5 0.35 6 0.35 7 0.35 8 0.35 9 0.35 10 0.35 11 0.35 12 0.35 13 0.35 14 0.35 15 0.35 16 0.35 17 0.35 18 0.35 19 0.35 20 0.35 21 0.35 22 0.35 23 0.35 24 0.35 25 0.35 26 0.35 27 0.35 28 0.35 29 0.35 30 0.35 31 0.35 32 0.35 33 0.35 34 0.35 35 0.35 36 0.35 37 0.35 38 0.35 39 0.35 40 0.35 41 0.35 42 0.35 43 0.35 44 0.35 45 0.35 46 0.35 47 0.35 48 0.35 49 0.35 50 0.35 51 0.35 52 0.35 53 0.35 54 0.35 55 0.35 56 0.35 57 0.35 58 0.35 59 0.35 60 0.35 61 0.35 62 0.35 63 0.35 64 0.35 65 0.35 66 0.35 67 0.35 68 0.35 69 0.35 70 0.35 71 0.35 72 0.35 73 0.35;
connectAttr "EyeContact_translateY.o" "EyeContact.ty";
createNode animCurveTA -n "EyeContact_rotateY";
	setAttr ".tan" 18;
	setAttr ".wgt" no;
	setAttr -s 74 ".ktv[0:73]"  0 23.25279 1 23.18883 2 23.17207 3 23.15768 4 23.14583 5 23.13671 6 23.11867 7 22.49634 8 22.08573 9 21.75876 10 21.47666 11 21.23615 12 21.53065 13 21.64453 14 21.73389 15 21.81226 16 21.87582 17 21.92982 18 21.97496 19 22.04507 20 22.07261 21 21.76996 22 21.50203 23 21.24974 24 21.04253 25 20.86279 26 20.71265 27 20.60195 28 20.50129 29 20.41657 30 20.3514 31 20.23565 32 20.19852 33 20.16669 34 20.14177 35 20.12017 36 20.08495 37 20.07288 38 20.06282 39 20.05401 40 20.04744 41 20.03523 42 20.03141 43 20.02816 44 20.02558 45 20.02334 46 20.01974 47 20.01849 48 20.01744 49 20.01657 50 20.01585 51 20.01466 52 20.01426 53 20.01392 54 20.01363 55 20.01339 56 20.01319 57 20.01302 58 20.01289 59 20.09055 60 20.15571 61 20.20948 62 20.25426 63 20.33063 64 20.35522 65 20.37616 66 20.3929 67 20.40718 68 20.41895 69 20.42913 70 20.43748 71 20.4443 72 20.44993 73 20.45476;
connectAttr "EyeContact_rotateY.o" "EyeContact.ry";
createNode animCurveTU -n "EyeContact_scaleY";
	setAttr ".tan" 18;
	setAttr ".wgt" no;
	setAttr -s 74 ".ktv[0:73]"  0 50 1 50 2 50 3 50 4 50 5 50 6 50 7 50 8 50 9 50 10 50 11 50 12 50 13 50 14 50 15 50 16 50 17 50 18 50 19 50 20 50 21 50 22 50 23 50 24 50 25 50 26 50 27 50 28 50 29 50 30 50 31 50 32 50 33 50 34 50 35 50 36 50 37 50 38 50 39 50 40 50 41 50 42 50 43 50 44 50 45 50 46 50 47 50 48 50 49 50 50 50 51 50 52 50 53 50 54 50 55 50 56 50 57 50 58 50 59 50 60 50 61 50 62 50 63 50 64 50 65 50 66 50 67 50 68 50 69 50 70 50 71 50 72 50 73 50;
connectAttr "EyeContact_scaleY.o" "EyeContact.sy";
createNode animCurveTL -n "EyeContact_translateZ";
	setAttr ".tan" 18;
	setAttr ".wgt" no;
	setAttr -s 74 ".ktv[0:73]"  0 0 1 0 2 0 3 0 4 0 5 0 6 0 7 0 8 0 9 0 10 0 11 0 12 0 13 0 14 0 15 0 16 0 17 0 18 0 19 0 20 0 21 0 22 0 23 0 24 0 25 0 26 0 27 0 28 0 29 0 30 0 31 0 32 0 33 0 34 0 35 0 36 0 37 0 38 0 39 0 40 0 41 0 42 0 43 0 44 0 45 0 46 0 47 0 48 0 49 0 50 0 51 0 52 0 53 0 54 0 55 0 56 0 57 0 58 0 59 0 60 0 61 0 62 0 63 0 64 0 65 0 66 0 67 0 68 0 69 0 70 0 71 0 72 0 73 0;
connectAttr "EyeContact_translateZ.o" "EyeContact.tz";
createNode animCurveTA -n "EyeContact_rotateZ";
	setAttr ".tan" 18;
	setAttr ".wgt" no;
	setAttr -s 74 ".ktv[0:73]"  0 3.013248 1 2.953014 2 2.937185 3 2.923588 4 2.912372 5 2.90374 6 2.886639 7 3.052813 8 3.162672 9 3.250285 10 3.325977 11 3.390586 12 3.628956 13 3.719917 14 3.790833 15 3.852687 16 3.902621 17 3.944896 18 3.98011 19 4.034605 20 4.055944 21 4.310888 22 4.540327 23 4.766 24 4.953956 25 5.118912 26 5.258109 27 5.361559 28 5.456239 29 5.536386 30 5.598326 31 5.708957 32 5.744615 33 5.775256 34 5.799282 35 5.820127 36 5.854199 37 5.865881 38 5.875631 39 5.884183 40 5.890563 41 5.902418 42 5.906122 43 5.909284 44 5.911792 45 5.913964 46 5.917466 47 5.918686 48 5.919707 49 5.920548 50 5.921249 51 5.922407 52 5.922801 53 5.92313 54 5.923408 55 5.923642 56 5.923844 57 5.924002 58 5.924133 59 5.90977 60 5.89688 61 5.885662 62 5.875916 63 5.858443 64 5.852585 65 5.847509 66 5.843393 67 5.839842 68 5.836884 69 5.834306 70 5.832177 71 5.830426 72 5.828975 73 5.827728;
connectAttr "EyeContact_rotateZ.o" "EyeContact.rz";
createNode animCurveTU -n "EyeContact_scaleZ";
	setAttr ".tan" 18;
	setAttr ".wgt" no;
	setAttr -s 74 ".ktv[0:73]"  0 50 1 50 2 50 3 50 4 50 5 50 6 50 7 50 8 50 9 50 10 50 11 50 12 50 13 50 14 50 15 50 16 50 17 50 18 50 19 50 20 50 21 50 22 50 23 50 24 50 25 50 26 50 27 50 28 50 29 50 30 50 31 50 32 50 33 50 34 50 35 50 36 50 37 50 38 50 39 50 40 50 41 50 42 50 43 50 44 50 45 50 46 50 47 50 48 50 49 50 50 50 51 50 52 50 53 50 54 50 55 50 56 50 57 50 58 50 59 50 60 50 61 50 62 50 63 50 64 50 65 50 66 50 67 50 68 50 69 50 70 50 71 50 72 50 73 50;
connectAttr "EyeContact_scaleZ.o" "EyeContact.sz";
createNode animCurveTL -n "EyeContact_translateX";
	setAttr ".tan" 18;
	setAttr ".wgt" no;
	setAttr -s 74 ".ktv[0:73]"  0 0 1 0 2 0 3 0 4 0 5 0 6 0 7 0 8 0 9 0 10 0 11 0 12 0 13 0 14 0 15 0 16 0 17 0 18 0 19 0 20 0 21 0 22 0 23 0 24 0 25 0 26 0 27 0 28 0 29 0 30 0 31 0 32 0 33 0 34 0 35 0 36 0 37 0 38 0 39 0 40 0 41 0 42 0 43 0 44 0 45 0 46 0 47 0 48 0 49 0 50 0 51 0 52 0 53 0 54 0 55 0 56 0 57 0 58 0 59 0 60 0 61 0 62 0 63 0 64 0 65 0 66 0 67 0 68 0 69 0 70 0 71 0 72 0 73 0;
connectAttr "EyeContact_translateX.o" "EyeContact.tx";
createNode animCurveTA -n "EyeContact_rotateX";
	setAttr ".tan" 18;
	setAttr ".wgt" no;
	setAttr -s 74 ".ktv[0:73]"  0 21.79072 1 21.92814 2 21.96421 3 21.99517 4 22.0207 5 22.04033 6 22.07922 7 21.98758 8 21.92625 9 21.87692 10 21.83401 11 21.79717 12 21.217 13 20.99388 14 20.81924 15 20.66642 16 20.54272 17 20.43774 18 20.35013 19 20.21424 20 20.16093 21 19.61968 22 19.13685 23 18.65975 24 18.26518 25 17.92091 26 17.63183 27 17.41781 28 17.22256 29 17.05771 30 16.9306 31 16.70415 32 16.63133 33 16.56882 34 16.51984 35 16.47736 36 16.40801 37 16.38424 38 16.36441 39 16.34703 40 16.33406 41 16.30997 42 16.30245 43 16.29603 44 16.29093 45 16.28652 46 16.27941 47 16.27693 48 16.27485 49 16.27315 50 16.27172 51 16.26937 52 16.26858 53 16.26791 54 16.26734 55 16.26687 56 16.26646 57 16.26614 58 16.26587 59 15.54147 60 14.9322 61 14.42822 62 14.00773 63 13.28876 64 13.05669 65 12.85891 66 12.7007 67 12.56567 68 12.45427 69 12.35787 70 12.27879 71 12.21413 72 12.16076 73 12.115;
connectAttr "EyeContact_rotateX.o" "EyeContact.rx";
createNode animCurveTU -n "EyeContact_scaleX";
	setAttr ".tan" 18;
	setAttr ".wgt" no;
	setAttr -s 74 ".ktv[0:73]"  0 50 1 50 2 50 3 50 4 50 5 50 6 50 7 50 8 50 9 50 10 50 11 50 12 50 13 50 14 50 15 50 16 50 17 50 18 50 19 50 20 50 21 50 22 50 23 50 24 50 25 50 26 50 27 50 28 50 29 50 30 50 31 50 32 50 33 50 34 50 35 50 36 50 37 50 38 50 39 50 40 50 41 50 42 50 43 50 44 50 45 50 46 50 47 50 48 50 49 50 50 50 51 50 52 50 53 50 54 50 55 50 56 50 57 50 58 50 59 50 60 50 61 50 62 50 63 50 64 50 65 50 66 50 67 50 68 50 69 50 70 50 71 50 72 50 73 50;
connectAttr "EyeContact_scaleX.o" "EyeContact.sx";
createNode animCurveTL -n "EyeContact_translateY";
	setAttr ".tan" 18;
	setAttr ".wgt" no;
	setAttr -s 74 ".ktv[0:73]"  0 0.35 1 0.35 2 0.35 3 0.35 4 0.35 5 0.35 6 0.35 7 0.35 8 0.35 9 0.35 10 0.35 11 0.35 12 0.35 13 0.35 14 0.35 15 0.35 16 0.35 17 0.35 18 0.35 19 0.35 20 0.35 21 0.35 22 0.35 23 0.35 24 0.35 25 0.35 26 0.35 27 0.35 28 0.35 29 0.35 30 0.35 31 0.35 32 0.35 33 0.35 34 0.35 35 0.35 36 0.35 37 0.35 38 0.35 39 0.35 40 0.35 41 0.35 42 0.35 43 0.35 44 0.35 45 0.35 46 0.35 47 0.35 48 0.35 49 0.35 50 0.35 51 0.35 52 0.35 53 0.35 54 0.35 55 0.35 56 0.35 57 0.35 58 0.35 59 0.35 60 0.35 61 0.35 62 0.35 63 0.35 64 0.35 65 0.35 66 0.35 67 0.35 68 0.35 69 0.35 70 0.35 71 0.35 72 0.35 73 0.35;
connectAttr "EyeContact_translateY.o" "EyeContact.ty";
createNode animCurveTA -n "EyeContact_rotateY";
	setAttr ".tan" 18;
	setAttr ".wgt" no;
	setAttr -s 74 ".ktv[0:73]"  0 23.25279 1 23.18883 2 23.17207 3 23.15768 4 23.14583 5 23.13671 6 23.11867 7 22.49634 8 22.08573 9 21.75876 10 21.47666 11 21.23615 12 21.53065 13 21.64453 14 21.73389 15 21.81226 16 21.87582 17 21.92982 18 21.97496 19 22.04507 20 22.07261 21 21.76996 22 21.50203 23 21.24974 24 21.04253 25 20.86279 26 20.71265 27 20.60195 28 20.50129 29 20.41657 30 20.3514 31 20.23565 32 20.19852 33 20.16669 34 20.14177 35 20.12017 36 20.08495 37 20.07288 38 20.06282 39 20.05401 40 20.04744 41 20.03523 42 20.03141 43 20.02816 44 20.02558 45 20.02334 46 20.01974 47 20.01849 48 20.01744 49 20.01657 50 20.01585 51 20.01466 52 20.01426 53 20.01392 54 20.01363 55 20.01339 56 20.01319 57 20.01302 58 20.01289 59 20.09055 60 20.15571 61 20.20948 62 20.25426 63 20.33063 64 20.35522 65 20.37616 66 20.3929 67 20.40718 68 20.41895 69 20.42913 70 20.43748 71 20.4443 72 20.44993 73 20.45476;
connectAttr "EyeContact_rotateY.o" "EyeContact.ry";
createNode animCurveTU -n "EyeContact_scaleY";
	setAttr ".tan" 18;
	setAttr ".wgt" no;
	setAttr -s 74 ".ktv[0:73]"  0 50 1 50 2 50 3 50 4 50 5 50 6 50 7 50 8 50 9 50 10 50 11 50 12 50 13 50 14 50 15 50 16 50 17 50 18 50 19 50 20 50 21 50 22 50 23 50 24 50 25 50 26 50 27 50 28 50 29 50 30 50 31 50 32 50 33 50 34 50 35 50 36 50 37 50 38 50 39 50 40 50 41 50 42 50 43 50 44 50 45 50 46 50 47 50 48 50 49 50 50 50 51 50 52 50 53 50 54 50 55 50 56 50 57 50 58 50 59 50 60 50 61 50 62 50 63 50 64 50 65 50 66 50 67 50 68 50 69 50 70 50 71 50 72 50 73 50;
connectAttr "EyeContact_scaleY.o" "EyeContact.sy";
createNode animCurveTL -n "EyeContact_translateZ";
	setAttr ".tan" 18;
	setAttr ".wgt" no;
	setAttr -s 74 ".ktv[0:73]"  0 0 1 0 2 0 3 0 4 0 5 0 6 0 7 0 8 0 9 0 10 0 11 0 12 0 13 0 14 0 15 0 16 0 17 0 18 0 19 0 20 0 21 0 22 0 23 0 24 0 25 0 26 0 27 0 28 0 29 0 30 0 31 0 32 0 33 0 34 0 35 0 36 0 37 0 38 0 39 0 40 0 41 0 42 0 43 0 44 0 45 0 46 0 47 0 48 0 49 0 50 0 51 0 52 0 53 0 54 0 55 0 56 0 57 0 58 0 59 0 60 0 61 0 62 0 63 0 64 0 65 0 66 0 67 0 68 0 69 0 70 0 71 0 72 0 73 0;
connectAttr "EyeContact_translateZ.o" "EyeContact.tz";
createNode animCurveTA -n "EyeContact_rotateZ";
	setAttr ".tan" 18;
	setAttr ".wgt" no;
	setAttr -s 74 ".ktv[0:73]"  0 3.013248 1 2.953014 2 2.937185 3 2.923588 4 2.912372 5 2.90374 6 2.886639 7 3.052813 8 3.162672 9 3.250285 10 3.325977 11 3.390586 12 3.628956 13 3.719917 14 3.790833 15 3.852687 16 3.902621 17 3.944896 18 3.98011 19 4.034605 20 4.055944 21 4.310888 22 4.540327 23 4.766 24 4.953956 25 5.118912 26 5.258109 27 5.361559 28 5.456239 29 5.536386 30 5.598326 31 5.708957 32 5.744615 33 5.775256 34 5.799282 35 5.820127 36 5.854199 37 5.865881 38 5.875631 39 5.884183 40 5.890563 41 5.902418 42 5.906122 43 5.909284 44 5.911792 45 5.913964 46 5.917466 47 5.918686 48 5.919707 49 5.920548 50 5.921249 51 5.922407 52 5.922801 53 5.92313 54 5.923408 55 5.923642 56 5.923844 57 5.924002 58 5.924133 59 5.90977 60 5.89688 61 5.885662 62 5.875916 63 5.858443 64 5.852585 65 5.847509 66 5.843393 67 5.839842 68 5.836884 69 5.834306 70 5.832177 71 5.830426 72 5.828975 73 5.827728;
connectAttr "EyeContact_rotateZ.o" "EyeContact.rz";
createNode animCurveTU -n "EyeContact_scaleZ";
	setAttr ".tan" 18;
	setAttr ".wgt" no;
	setAttr -s 74 ".ktv[0:73]"  0 50 1 50 2 50 3 50 4 50 5 50 6 50 7 50 8 50 9 50 10 50 11 50 12 50 13 50 14 50 15 50 16 50 17 50 18 50 19 50 20 50 21 50 22 50 23 50 24 50 25 50 26 50 27 50 28 50 29 50 30 50 31 50 32 50 33 50 34 50 35 50 36 50 37 50 38 50 39 50 40 50 41 50 42 50 43 50 44 50 45 50 46 50 47 50 48 50 49 50 50 50 51 50 52 50 53 50 54 50 55 50 56 50 57 50 58 50 59 50 60 50 61 50 62 50 63 50 64 50 65 50 66 50 67 50 68 50 69 50 70 50 71 50 72 50 73 50;
connectAttr "EyeContact_scaleZ.o" "EyeContact.sz";
createNode animCurveTL -n "EyeContact_translateX";
	setAttr ".tan" 18;
	setAttr ".wgt" no;
	setAttr -s 74 ".ktv[0:73]"  0 0 1 0 2 0 3 0 4 0 5 0 6 0 7 0 8 0 9 0 10 0 11 0 12 0 13 0 14 0 15 0 16 0 17 0 18 0 19 0 20 0 21 0 22 0 23 0 24 0 25 0 26 0 27 0 28 0 29 0 30 0 31 0 32 0 33 0 34 0 35 0 36 0 37 0 38 0 39 0 40 0 41 0 42 0 43 0 44 0 45 0 46 0 47 0 48 0 49 0 50 0 51 0 52 0 53 0 54 0 55 0 56 0 57 0 58 0 59 0 60 0 61 0 62 0 63 0 64 0 65 0 66 0 67 0 68 0 69 0 70 0 71 0 72 0 73 0;
connectAttr "EyeContact_translateX.o" "EyeContact.tx";
createNode animCurveTA -n "EyeContact_rotateX";
	setAttr ".tan" 18;
	setAttr ".wgt" no;
	setAttr -s 74 ".ktv[0:73]"  0 21.79072 1 21.92814 2 21.96421 3 21.99517 4 22.0207 5 22.04033 6 22.07922 7 21.98758 8 21.92625 9 21.87692 10 21.83401 11 21.79717 12 21.217 13 20.99388 14 20.81924 15 20.66642 16 20.54272 17 20.43774 18 20.35013 19 20.21424 20 20.16093 21 19.61968 22 19.13685 23 18.65975 24 18.26518 25 17.92091 26 17.63183 27 17.41781 28 17.22256 29 17.05771 30 16.9306 31 16.70415 32 16.63133 33 16.56882 34 16.51984 35 16.47736 36 16.40801 37 16.38424 38 16.36441 39 16.34703 40 16.33406 41 16.30997 42 16.30245 43 16.29603 44 16.29093 45 16.28652 46 16.27941 47 16.27693 48 16.27485 49 16.27315 50 16.27172 51 16.26937 52 16.26858 53 16.26791 54 16.26734 55 16.26687 56 16.26646 57 16.26614 58 16.26587 59 15.54147 60 14.9322 61 14.42822 62 14.00773 63 13.28876 64 13.05669 65 12.85891 66 12.7007 67 12.56567 68 12.45427 69 12.35787 70 12.27879 71 12.21413 72 12.16076 73 12.115;
connectAttr "EyeContact_rotateX.o" "EyeContact.rx";
createNode animCurveTU -n "EyeContact_scaleX";
	setAttr ".tan" 18;
	setAttr ".wgt" no;
	setAttr -s 74 ".ktv[0:73]"  0 50 1 50 2 50 3 50 4 50 5 50 6 50 7 50 8 50 9 50 10 50 11 50 12 50 13 50 14 50 15 50 16 50 17 50 18 50 19 50 20 50 21 50 22 50 23 50 24 50 25 50 26 50 27 50 28 50 29 50 30 50 31 50 32 50 33 50 34 50 35 50 36 50 37 50 38 50 39 50 40 50 41 50 42 50 43 50 44 50 45 50 46 50 47 50 48 50 49 50 50 50 51 50 52 50 53 50 54 50 55 50 56 50 57 50 58 50 59 50 60 50 61 50 62 50 63 50 64 50 65 50 66 50 67 50 68 50 69 50 70 50 71 50 72 50 73 50;
connectAttr "EyeContact_scaleX.o" "EyeContact.sx";
createNode animCurveTL -n "EyeContact_translateY";
	setAttr ".tan" 18;
	setAttr ".wgt" no;
	setAttr -s 74 ".ktv[0:73]"  0 0.35 1 0.35 2 0.35 3 0.35 4 0.35 5 0.35 6 0.35 7 0.35 8 0.35 9 0.35 10 0.35 11 0.35 12 0.35 13 0.35 14 0.35 15 0.35 16 0.35 17 0.35 18 0.35 19 0.35 20 0.35 21 0.35 22 0.35 23 0.35 24 0.35 25 0.35 26 0.35 27 0.35 28 0.35 29 0.35 30 0.35 31 0.35 32 0.35 33 0.35 34 0.35 35 0.35 36 0.35 37 0.35 38 0.35 39 0.35 40 0.35 41 0.35 42 0.35 43 0.35 44 0.35 45 0.35 46 0.35 47 0.35 48 0.35 49 0.35 50 0.35 51 0.35 52 0.35 53 0.35 54 0.35 55 0.35 56 0.35 57 0.35 58 0.35 59 0.35 60 0.35 61 0.35 62 0.35 63 0.35 64 0.35 65 0.35 66 0.35 67 0.35 68 0.35 69 0.35 70 0.35 71 0.35 72 0.35 73 0.35;
connectAttr "EyeContact_translateY.o" "EyeContact.ty";
createNode animCurveTA -n "EyeContact_rotateY";
	setAttr ".tan" 18;
	setAttr ".wgt" no;
	setAttr -s 74 ".ktv[0:73]"  0 23.25279 1 23.18883 2 23.17207 3 23.15768 4 23.14583 5 23.13671 6 23.11867 7 22.49634 8 22.08573 9 21.75876 10 21.47666 11 21.23615 12 21.53065 13 21.64453 14 21.73389 15 21.81226 16 21.87582 17 21.92982 18 21.97496 19 22.04507 20 22.07261 21 21.76996 22 21.50203 23 21.24974 24 21.04253 25 20.86279 26 20.71265 27 20.60195 28 20.50129 29 20.41657 30 20.3514 31 20.23565 32 20.19852 33 20.16669 34 20.14177 35 20.12017 36 20.08495 37 20.07288 38 20.06282 39 20.05401 40 20.04744 41 20.03523 42 20.03141 43 20.02816 44 20.02558 45 20.02334 46 20.01974 47 20.01849 48 20.01744 49 20.01657 50 20.01585 51 20.01466 52 20.01426 53 20.01392 54 20.01363 55 20.01339 56 20.01319 57 20.01302 58 20.01289 59 20.09055 60 20.15571 61 20.20948 62 20.25426 63 20.33063 64 20.35522 65 20.37616 66 20.3929 67 20.40718 68 20.41895 69 20.42913 70 20.43748 71 20.4443 72 20.44993 73 20.45476;
connectAttr "EyeContact_rotateY.o" "EyeContact.ry";
createNode animCurveTU -n "EyeContact_scaleY";
	setAttr ".tan" 18;
	setAttr ".wgt" no;
	setAttr -s 74 ".ktv[0:73]"  0 50 1 50 2 50 3 50 4 50 5 50 6 50 7 50 8 50 9 50 10 50 11 50 12 50 13 50 14 50 15 50 16 50 17 50 18 50 19 50 20 50 21 50 22 50 23 50 24 50 25 50 26 50 27 50 28 50 29 50 30 50 31 50 32 50 33 50 34 50 35 50 36 50 37 50 38 50 39 50 40 50 41 50 42 50 43 50 44 50 45 50 46 50 47 50 48 50 49 50 50 50 51 50 52 50 53 50 54 50 55 50 56 50 57 50 58 50 59 50 60 50 61 50 62 50 63 50 64 50 65 50 66 50 67 50 68 50 69 50 70 50 71 50 72 50 73 50;
connectAttr "EyeContact_scaleY.o" "EyeContact.sy";
createNode animCurveTL -n "EyeContact_translateZ";
	setAttr ".tan" 18;
	setAttr ".wgt" no;
	setAttr -s 74 ".ktv[0:73]"  0 0 1 0 2 0 3 0 4 0 5 0 6 0 7 0 8 0 9 0 10 0 11 0 12 0 13 0 14 0 15 0 16 0 17 0 18 0 19 0 20 0 21 0 22 0 23 0 24 0 25 0 26 0 27 0 28 0 29 0 30 0 31 0 32 0 33 0 34 0 35 0 36 0 37 0 38 0 39 0 40 0 41 0 42 0 43 0 44 0 45 0 46 0 47 0 48 0 49 0 50 0 51 0 52 0 53 0 54 0 55 0 56 0 57 0 58 0 59 0 60 0 61 0 62 0 63 0 64 0 65 0 66 0 67 0 68 0 69 0 70 0 71 0 72 0 73 0;
connectAttr "EyeContact_translateZ.o" "EyeContact.tz";
createNode animCurveTA -n "EyeContact_rotateZ";
	setAttr ".tan" 18;
	setAttr ".wgt" no;
	setAttr -s 74 ".ktv[0:73]"  0 3.013248 1 2.953014 2 2.937185 3 2.923588 4 2.912372 5 2.90374 6 2.886639 7 3.052813 8 3.162672 9 3.250285 10 3.325977 11 3.390586 12 3.628956 13 3.719917 14 3.790833 15 3.852687 16 3.902621 17 3.944896 18 3.98011 19 4.034605 20 4.055944 21 4.310888 22 4.540327 23 4.766 24 4.953956 25 5.118912 26 5.258109 27 5.361559 28 5.456239 29 5.536386 30 5.598326 31 5.708957 32 5.744615 33 5.775256 34 5.799282 35 5.820127 36 5.854199 37 5.865881 38 5.875631 39 5.884183 40 5.890563 41 5.902418 42 5.906122 43 5.909284 44 5.911792 45 5.913964 46 5.917466 47 5.918686 48 5.919707 49 5.920548 50 5.921249 51 5.922407 52 5.922801 53 5.92313 54 5.923408 55 5.923642 56 5.923844 57 5.924002 58 5.924133 59 5.90977 60 5.89688 61 5.885662 62 5.875916 63 5.858443 64 5.852585 65 5.847509 66 5.843393 67 5.839842 68 5.836884 69 5.834306 70 5.832177 71 5.830426 72 5.828975 73 5.827728;
connectAttr "EyeContact_rotateZ.o" "EyeContact.rz";
createNode animCurveTU -n "EyeContact_scaleZ";
	setAttr ".tan" 18;
	setAttr ".wgt" no;
	setAttr -s 74 ".ktv[0:73]"  0 50 1 50 2 50 3 50 4 50 5 50 6 50 7 50 8 50 9 50 10 50 11 50 12 50 13 50 14 50 15 50 16 50 17 50 18 50 19 50 20 50 21 50 22 50 23 50 24 50 25 50 26 50 27 50 28 50 29 50 30 50 31 50 32 50 33 50 34 50 35 50 36 50 37 50 38 50 39 50 40 50 41 50 42 50 43 50 44 50 45 50 46 50 47 50 48 50 49 50 50 50 51 50 52 50 53 50 54 50 55 50 56 50 57 50 58 50 59 50 60 50 61 50 62 50 63 50 64 50 65 50 66 50 67 50 68 50 69 50 70 50 71 50 72 50 73 50;
connectAttr "EyeContact_scaleZ.o" "EyeContact.sz";
createNode animCurveTL -n "EyeContact_translateX";
	setAttr ".tan" 18;
	setAttr ".wgt" no;
	setAttr -s 74 ".ktv[0:73]"  0 0 1 0 2 0 3 0 4 0 5 0 6 0 7 0 8 0 9 0 10 0 11 0 12 0 13 0 14 0 15 0 16 0 17 0 18 0 19 0 20 0 21 0 22 0 23 0 24 0 25 0 26 0 27 0 28 0 29 0 30 0 31 0 32 0 33 0 34 0 35 0 36 0 37 0 38 0 39 0 40 0 41 0 42 0 43 0 44 0 45 0 46 0 47 0 48 0 49 0 50 0 51 0 52 0 53 0 54 0 55 0 56 0 57 0 58 0 59 0 60 0 61 0 62 0 63 0 64 0 65 0 66 0 67 0 68 0 69 0 70 0 71 0 72 0 73 0;
connectAttr "EyeContact_translateX.o" "EyeContact.tx";
createNode animCurveTA -n "EyeContact_rotateX";
	setAttr ".tan" 18;
	setAttr ".wgt" no;
	setAttr -s 74 ".ktv[0:73]"  0 21.79072 1 21.92814 2 21.96421 3 21.99517 4 22.0207 5 22.04033 6 22.07922 7 21.98758 8 21.92625 9 21.87692 10 21.83401 11 21.79717 12 21.217 13 20.99388 14 20.81924 15 20.66642 16 20.54272 17 20.43774 18 20.35013 19 20.21424 20 20.16093 21 19.61968 22 19.13685 23 18.65975 24 18.26518 25 17.92091 26 17.63183 27 17.41781 28 17.22256 29 17.05771 30 16.9306 31 16.70415 32 16.63133 33 16.56882 34 16.51984 35 16.47736 36 16.40801 37 16.38424 38 16.36441 39 16.34703 40 16.33406 41 16.30997 42 16.30245 43 16.29603 44 16.29093 45 16.28652 46 16.27941 47 16.27693 48 16.27485 49 16.27315 50 16.27172 51 16.26937 52 16.26858 53 16.26791 54 16.26734 55 16.26687 56 16.26646 57 16.26614 58 16.26587 59 15.54147 60 14.9322 61 14.42822 62 14.00773 63 13.28876 64 13.05669 65 12.85891 66 12.7007 67 12.56567 68 12.45427 69 12.35787 70 12.27879 71 12.21413 72 12.16076 73 12.115;
connectAttr "EyeContact_rotateX.o" "EyeContact.rx";
createNode animCurveTU -n "EyeContact_scaleX";
	setAttr ".tan" 18;
	setAttr ".wgt" no;
	setAttr -s 74 ".ktv[0:73]"  0 50 1 50 2 50 3 50 4 50 5 50 6 50 7 50 8 50 9 50 10 50 11 50 12 50 13 50 14 50 15 50 16 50 17 50 18 50 19 50 20 50 21 50 22 50 23 50 24 50 25 50 26 50 27 50 28 50 29 50 30 50 31 50 32 50 33 50 34 50 35 50 36 50 37 50 38 50 39 50 40 50 41 50 42 50 43 50 44 50 45 50 46 50 47 50 48 50 49 50 50 50 51 50 52 50 53 50 54 50 55 50 56 50 57 50 58 50 59 50 60 50 61 50 62 50 63 50 64 50 65 50 66 50 67 50 68 50 69 50 70 50 71 50 72 50 73 50;
connectAttr "EyeContact_scaleX.o" "EyeContact.sx";
createNode animCurveTL -n "EyeContact_translateY";
	setAttr ".tan" 18;
	setAttr ".wgt" no;
	setAttr -s 74 ".ktv[0:73]"  0 0.35 1 0.35 2 0.35 3 0.35 4 0.35 5 0.35 6 0.35 7 0.35 8 0.35 9 0.35 10 0.35 11 0.35 12 0.35 13 0.35 14 0.35 15 0.35 16 0.35 17 0.35 18 0.35 19 0.35 20 0.35 21 0.35 22 0.35 23 0.35 24 0.35 25 0.35 26 0.35 27 0.35 28 0.35 29 0.35 30 0.35 31 0.35 32 0.35 33 0.35 34 0.35 35 0.35 36 0.35 37 0.35 38 0.35 39 0.35 40 0.35 41 0.35 42 0.35 43 0.35 44 0.35 45 0.35 46 0.35 47 0.35 48 0.35 49 0.35 50 0.35 51 0.35 52 0.35 53 0.35 54 0.35 55 0.35 56 0.35 57 0.35 58 0.35 59 0.35 60 0.35 61 0.35 62 0.35 63 0.35 64 0.35 65 0.35 66 0.35 67 0.35 68 0.35 69 0.35 70 0.35 71 0.35 72 0.35 73 0.35;
connectAttr "EyeContact_translateY.o" "EyeContact.ty";
createNode animCurveTA -n "EyeContact_rotateY";
	setAttr ".tan" 18;
	setAttr ".wgt" no;
	setAttr -s 74 ".ktv[0:73]"  0 23.25279 1 23.18883 2 23.17207 3 23.15768 4 23.14583 5 23.13671 6 23.11867 7 22.49634 8 22.08573 9 21.75876 10 21.47666 11 21.23615 12 21.53065 13 21.64453 14 21.73389 15 21.81226 16 21.87582 17 21.92982 18 21.97496 19 22.04507 20 22.07261 21 21.76996 22 21.50203 23 21.24974 24 21.04253 25 20.86279 26 20.71265 27 20.60195 28 20.50129 29 20.41657 30 20.3514 31 20.23565 32 20.19852 33 20.16669 34 20.14177 35 20.12017 36 20.08495 37 20.07288 38 20.06282 39 20.05401 40 20.04744 41 20.03523 42 20.03141 43 20.02816 44 20.02558 45 20.02334 46 20.01974 47 20.01849 48 20.01744 49 20.01657 50 20.01585 51 20.01466 52 20.01426 53 20.01392 54 20.01363 55 20.01339 56 20.01319 57 20.01302 58 20.01289 59 20.09055 60 20.15571 61 20.20948 62 20.25426 63 20.33063 64 20.35522 65 20.37616 66 20.3929 67 20.40718 68 20.41895 69 20.42913 70 20.43748 71 20.4443 72 20.44993 73 20.45476;
connectAttr "EyeContact_rotateY.o" "EyeContact.ry";
createNode animCurveTU -n "EyeContact_scaleY";
	setAttr ".tan" 18;
	setAttr ".wgt" no;
	setAttr -s 74 ".ktv[0:73]"  0 50 1 50 2 50 3 50 4 50 5 50 6 50 7 50 8 50 9 50 10 50 11 50 12 50 13 50 14 50 15 50 16 50 17 50 18 50 19 50 20 50 21 50 22 50 23 50 24 50 25 50 26 50 27 50 28 50 29 50 30 50 31 50 32 50 33 50 34 50 35 50 36 50 37 50 38 50 39 50 40 50 41 50 42 50 43 50 44 50 45 50 46 50 47 50 48 50 49 50 50 50 51 50 52 50 53 50 54 50 55 50 56 50 57 50 58 50 59 50 60 50 61 50 62 50 63 50 64 50 65 50 66 50 67 50 68 50 69 50 70 50 71 50 72 50 73 50;
connectAttr "EyeContact_scaleY.o" "EyeContact.sy";
createNode animCurveTL -n "EyeContact_translateZ";
	setAttr ".tan" 18;
	setAttr ".wgt" no;
	setAttr -s 74 ".ktv[0:73]"  0 0 1 0 2 0 3 0 4 0 5 0 6 0 7 0 8 0 9 0 10 0 11 0 12 0 13 0 14 0 15 0 16 0 17 0 18 0 19 0 20 0 21 0 22 0 23 0 24 0 25 0 26 0 27 0 28 0 29 0 30 0 31 0 32 0 33 0 34 0 35 0 36 0 37 0 38 0 39 0 40 0 41 0 42 0 43 0 44 0 45 0 46 0 47 0 48 0 49 0 50 0 51 0 52 0 53 0 54 0 55 0 56 0 57 0 58 0 59 0 60 0 61 0 62 0 63 0 64 0 65 0 66 0 67 0 68 0 69 0 70 0 71 0 72 0 73 0;
connectAttr "EyeContact_translateZ.o" "EyeContact.tz";
createNode animCurveTA -n "EyeContact_rotateZ";
	setAttr ".tan" 18;
	setAttr ".wgt" no;
	setAttr -s 74 ".ktv[0:73]"  0 3.013248 1 2.953014 2 2.937185 3 2.923588 4 2.912372 5 2.90374 6 2.886639 7 3.052813 8 3.162672 9 3.250285 10 3.325977 11 3.390586 12 3.628956 13 3.719917 14 3.790833 15 3.852687 16 3.902621 17 3.944896 18 3.98011 19 4.034605 20 4.055944 21 4.310888 22 4.540327 23 4.766 24 4.953956 25 5.118912 26 5.258109 27 5.361559 28 5.456239 29 5.536386 30 5.598326 31 5.708957 32 5.744615 33 5.775256 34 5.799282 35 5.820127 36 5.854199 37 5.865881 38 5.875631 39 5.884183 40 5.890563 41 5.902418 42 5.906122 43 5.909284 44 5.911792 45 5.913964 46 5.917466 47 5.918686 48 5.919707 49 5.920548 50 5.921249 51 5.922407 52 5.922801 53 5.92313 54 5.923408 55 5.923642 56 5.923844 57 5.924002 58 5.924133 59 5.90977 60 5.89688 61 5.885662 62 5.875916 63 5.858443 64 5.852585 65 5.847509 66 5.843393 67 5.839842 68 5.836884 69 5.834306 70 5.832177 71 5.830426 72 5.828975 73 5.827728;
connectAttr "EyeContact_rotateZ.o" "EyeContact.rz";
createNode animCurveTU -n "EyeContact_scaleZ";
	setAttr ".tan" 18;
	setAttr ".wgt" no;
	setAttr -s 74 ".ktv[0:73]"  0 50 1 50 2 50 3 50 4 50 5 50 6 50 7 50 8 50 9 50 10 50 11 50 12 50 13 50 14 50 15 50 16 50 17 50 18 50 19 50 20 50 21 50 22 50 23 50 24 50 25 50 26 50 27 50 28 50 29 50 30 50 31 50 32 50 33 50 34 50 35 50 36 50 37 50 38 50 39 50 40 50 41 50 42 50 43 50 44 50 45 50 46 50 47 50 48 50 49 50 50 50 51 50 52 50 53 50 54 50 55 50 56 50 57 50 58 50 59 50 60 50 61 50 62 50 63 50 64 50 65 50 66 50 67 50 68 50 69 50 70 50 71 50 72 50 73 50;
connectAttr "EyeContact_scaleZ.o" "EyeContact.sz";
